2.676640007913112795e-02 7.699747987116109527e-02
1.757258578807115515e-02 1.775115376958630829e-03
1.487064167559146860e-02 1.534201045481222315e-03
1.287996500909328532e-02 1.359797368041190018e-03
1.169149587064981406e-02 1.292067250582012430e-03
1.100375461786985351e-02 1.267982083025639495e-03
1.054559618279337849e-02 1.200336343188667569e-03
1.026730282112956090e-02 1.201375714029480693e-03
1.006405740186572077e-02 1.169147618074612262e-03
9.892994589805602368e-03 1.163758089776556178e-03
