2.576897130906581970e-02 5.932282595194370706e-02
1.999812569737434431e-02 1.661709785889076401e-03
1.840674118697643163e-02 1.542672257917749581e-03
1.747107777327299230e-02 1.424976505735586329e-03
1.676260006546974324e-02 1.419784413159814193e-03
1.632922969698906088e-02 1.429696881788694411e-03
1.608734367966651799e-02 1.423150923822915281e-03
1.593302808463573431e-02 1.398777045744240780e-03
1.582362861692905576e-02 1.428284599991016006e-03
1.574067498028278514e-02 1.434614669182082648e-03
