3.889292918995022885e-02 5.925034450270105085e-02
2.278235332936048504e-02 1.684806765274110205e-02
1.908820396937429761e-02 1.340869444996759668e-02
1.907716637738049101e-02 1.294120630784021363e-02
1.676618750877678296e-02 1.171768511603377312e-02
1.440479947037994791e-02 1.015626997436552825e-02
1.346363519053906180e-02 9.080958207979902483e-03
1.335539915181696395e-02 8.942795801953217286e-03
1.282916233181953351e-02 8.139297794010586645e-03
1.212131085220724373e-02 7.751437673674246506e-03
