0 7
0 23
0 42
0 58
0 65
0 69
0 75
0 87
0 97
1 3
1 16
1 19
1 28
1 34
1 46
1 54
1 62
1 81
1 90
2 8
2 19
2 20
2 31
2 35
2 36
2 94
3 3
3 18
3 25
3 44
3 58
3 61
3 87
4 8
4 30
4 40
4 64
5 7
5 24
5 48
5 51
5 55
5 76
5 78
5 83
5 90
5 97
6 2
6 7
6 13
6 19
6 30
6 36
6 45
6 63
6 70
7 6
7 23
7 66
7 87
7 94
8 12
8 35
8 45
8 60
8 62
8 63
8 72
8 82
8 90
9 9
9 15
9 28
9 41
9 54
9 61
9 63
9 75
9 99
10 1
10 6
10 12
10 48
10 65
10 69
10 80
10 85
10 93
11 19
11 27
11 33
11 42
11 45
11 52
11 72
11 88
11 98
12 3
12 12
12 23
12 27
12 58
12 80
13 1
13 3
13 17
13 30
13 35
13 41
13 51
13 54
13 69
13 77
13 90
13 96
14 8
14 14
14 45
14 84
15 2
15 38
15 42
15 51
15 54
15 55
15 66
15 74
15 77
15 98
16 1
16 5
16 59
16 81
16 90
17 8
17 14
17 17
17 20
17 26
17 29
17 34
17 56
17 71
17 97
18 4
18 25
18 38
18 41
18 53
18 63
18 81
18 94
19 7
19 33
19 47
19 73
19 77
19 82
19 85
19 89
20 2
20 10
20 15
20 38
20 53
20 56
20 68
20 99
21 18
21 22
21 30
21 72
21 89
21 94
22 15
22 35
22 44
22 54
22 62
22 77
22 84
22 98
23 2
23 8
23 50
23 89
24 5
24 15
24 25
24 32
24 35
24 43
24 47
24 57
24 61
24 64
24 70
24 75
24 80
24 92
25 1
25 12
25 35
25 87
25 97
26 0
26 2
26 26
26 38
26 42
26 64
26 90
27 10
27 16
27 73
27 98
28 6
28 23
28 26
28 29
28 33
28 45
28 55
28 80
28 84
28 87
28 90
29 0
29 13
29 18
29 59
29 62
29 68
29 75
30 4
30 7
30 21
30 23
30 41
30 52
30 79
31 1
31 13
31 27
31 44
31 47
31 61
31 66
31 73
31 76
31 82
31 90
32 4
32 7
32 50
32 56
32 69
32 96
33 16
33 19
33 32
33 35
33 38
33 83
33 92
33 95
34 12
34 23
34 28
34 57
34 69
34 79
34 89
35 7
35 29
35 41
35 44
35 50
35 64
35 94
36 11
36 21
36 32
36 37
36 54
36 70
36 79
36 91
36 97
37 3
37 15
37 40
37 74
37 87
38 6
38 19
38 28
38 53
38 65
38 91
38 94
39 12
39 24
39 34
39 43
39 57
39 68
39 74
39 84
39 99
40 0
40 3
40 8
40 18
40 19
40 23
40 31
40 39
40 51
40 52
40 63
40 77
40 96
41 0
41 14
41 27
41 34
41 48
41 60
41 67
41 81
41 87
42 1
42 11
42 93
43 22
43 25
43 36
43 40
43 44
43 47
43 57
43 69
43 73
43 79
43 88
44 2
44 7
44 17
44 61
44 76
44 85
44 91
44 98
45 11
45 33
45 43
45 47
45 50
45 55
45 58
45 65
45 88
45 94
46 19
46 30
46 61
46 69
46 72
46 79
46 82
46 91
47 6
47 9
47 22
47 26
47 39
47 51
47 58
48 15
48 30
48 48
48 60
48 64
48 69
48 88
49 12
49 18
49 33
49 38
49 42
49 45
49 77
49 85
49 95
50 23
50 27
50 38
50 55
50 65
50 69
50 73
50 82
51 0
51 7
51 10
51 30
51 36
51 46
52 3
52 14
52 24
52 33
52 44
52 51
52 58
52 73
52 77
53 6
53 38
53 41
53 61
53 66
53 71
53 82
53 90
53 93
54 18
54 33
54 48
54 55
54 70
54 78
54 87
54 97
55 3
55 12
55 15
55 23
55 30
55 84
56 9
56 33
56 60
56 64
56 67
56 78
56 95
56 98
57 20
57 25
57 30
57 40
57 83
57 84
57 86
58 2
58 10
58 14
58 15
58 43
58 49
58 57
58 64
58 73
58 76
58 91
58 98
59 18
59 19
59 35
59 69
59 79
59 94
60 1
60 4
60 20
60 21
60 44
60 50
60 53
60 60
60 76
60 83
61 9
61 12
61 38
61 41
61 87
62 24
62 27
62 30
62 33
62 38
62 51
62 62
62 70
62 84
62 96
63 0
63 3
63 4
63 20
63 41
63 45
63 48
63 51
63 54
63 66
63 78
63 90
64 13
64 25
64 38
64 53
64 54
64 63
64 94
64 97
65 9
65 31
65 34
65 45
65 52
65 66
66 1
66 6
66 17
66 28
66 37
66 38
66 42
66 48
66 63
66 84
66 88
67 24
67 51
67 64
67 77
67 94
67 98
68 5
68 15
68 34
68 55
68 60
68 67
68 85
68 89
69 8
69 18
69 21
69 26
69 29
69 37
69 42
69 63
69 70
69 79
70 14
70 47
70 61
70 65
70 74
70 84
71 17
71 29
71 39
71 43
71 54
71 60
71 62
71 81
71 88
71 93
72 2
72 25
72 46
72 61
72 62
72 82
72 84
72 98
73 5
73 15
73 29
73 43
73 49
73 52
73 61
73 68
73 79
73 87
74 26
74 34
74 42
74 56
74 65
74 78
75 5
75 10
75 17
75 23
75 37
75 41
75 46
75 60
75 68
75 86
75 90
75 96
76 53
76 63
76 72
76 77
76 93
76 96
77 21
77 28
77 68
77 84
77 90
77 97
78 3
78 12
78 13
78 14
78 41
78 50
78 56
78 59
78 63
78 66
78 74
78 80
79 0
79 6
79 23
79 31
79 49
79 53
79 77
79 85
79 89
79 94
80 9
80 26
80 38
80 70
81 18
81 31
81 35
81 44
81 46
81 66
81 76
81 89
81 95
82 14
82 38
82 49
82 59
82 69
83 20
83 31
83 34
83 35
83 42
83 45
83 54
83 62
83 70
83 75
83 78
83 79
84 7
84 17
84 39
84 59
84 85
85 10
85 26
85 31
85 49
85 75
85 91
85 96
86 4
86 7
86 14
86 19
86 23
86 42
86 46
86 57
86 60
86 63
86 68
87 10
87 31
87 52
87 71
87 75
87 77
87 83
87 91
88 2
88 25
88 30
88 34
88 68
88 99
89 6
89 11
89 20
89 21
89 40
89 43
89 49
89 64
89 71
89 74
89 75
89 83
89 87
89 96
89 99
90 16
90 21
90 56
90 75
91 5
91 11
91 33
91 48
91 65
91 84
91 97
92 2
92 8
92 14
92 18
92 27
92 36
92 42
92 45
92 88
93 5
93 10
93 23
93 30
93 42
93 50
93 60
93 75
93 93
94 11
94 41
94 44
94 45
94 65
94 68
94 72
94 78
94 85
94 89
95 0
95 17
95 21
95 29
95 33
95 87
96 37
96 49
96 56
96 93
96 94
97 9
97 17
97 20
97 35
97 41
97 61
97 66
97 70
97 83
97 96
98 2
98 47
98 53
98 88
98 94
99 11
99 19
99 23
99 29
99 34
99 36
99 50
