0 62
0 97
1 1
1 6
1 54
2 16
2 31
3 78
3 89
5 24
5 37
5 66
5 83
6 4
7 94
8 12
8 45
9 54
9 76
10 30
10 39
10 67
10 86
11 6
12 39
14 55
14 60
14 98
14 99
15 66
16 4
16 28
16 32
16 61
17 10
18 15
18 33
18 38
18 78
19 27
19 47
19 58
19 73
19 85
21 21
21 91
22 6
22 7
22 98
23 31
24 26
24 32
24 48
24 57
24 70
25 12
25 20
26 38
27 77
28 17
28 18
28 84
29 29
29 62
29 68
29 78
31 39
31 54
31 90
32 7
33 16
33 49
34 23
34 69
34 79
34 99
36 32
36 90
38 18
38 57
39 7
39 12
39 18
39 25
39 43
39 49
39 65
40 96
41 81
41 87
42 34
43 57
44 7
44 70
44 76
45 50
45 65
45 97
47 21
47 27
47 90
49 33
49 80
49 85
51 0
51 10
51 54
51 66
52 15
53 41
53 90
54 78
55 30
56 50
56 51
56 60
56 65
57 20
58 91
59 43
59 55
60 4
60 76
61 81
62 14
62 83
62 96
64 39
64 65
64 95
65 89
66 6
66 28
67 47
68 55
69 1
69 18
69 62
70 74
71 24
71 29
71 35
71 84
72 46
72 94
73 68
74 6
74 53
75 17
76 36
76 63
77 28
77 45
77 46
77 84
78 90
79 23
79 53
80 14
81 33
81 44
81 66
82 13
82 29
82 80
83 2
83 15
84 7
84 59
85 26
85 91
87 22
87 52
87 66
87 71
88 2
88 34
89 43
89 85
90 8
90 16
90 84
91 60
91 92
92 82
92 89
93 23
93 28
94 49
94 72
95 10
95 77
95 96
96 12
96 52
97 17
98 45
98 49
98 63
99 81
