0 7
0 20
0 39
0 57
0 70
0 75
0 79
0 92
0 96
1 12
1 24
1 32
1 36
1 48
1 54
1 62
1 66
1 86
1 89
2 28
2 45
2 51
2 99
3 2
3 58
3 71
3 80
3 83
3 94
4 9
4 21
4 33
4 36
4 63
4 68
4 74
4 89
5 14
5 25
5 29
5 46
5 51
6 0
6 40
6 43
6 60
6 80
6 86
7 5
7 8
7 19
7 22
7 55
7 92
8 33
8 66
8 95
9 1
9 16
9 36
9 41
9 63
9 71
9 79
9 84
9 89
10 45
10 54
10 59
11 5
11 11
11 22
11 33
11 50
11 76
11 95
12 15
12 19
12 67
13 1
13 8
13 30
13 36
13 64
13 80
13 91
14 12
14 55
14 60
14 72
14 77
14 83
15 5
15 16
15 21
15 33
15 41
15 44
15 47
15 95
15 98
16 26
16 66
16 80
17 38
17 58
17 63
17 74
17 85
17 91
18 2
18 10
18 20
18 43
18 50
18 70
18 88
18 96
19 15
19 29
19 47
19 54
20 6
20 25
20 34
20 79
20 92
21 9
21 38
21 70
21 86
21 99
22 1
22 20
22 30
22 48
22 53
22 58
22 62
22 65
22 83
23 12
23 15
23 27
23 41
23 76
23 79
23 89
24 72
24 93
24 97
25 4
25 35
25 48
25 69
26 1
26 12
26 15
26 27
26 30
26 51
26 54
26 60
26 76
26 89
27 65
27 80
27 84
27 93
28 18
28 21
28 40
28 57
28 97
29 30
29 46
29 49
29 54
29 62
29 77
29 89
30 5
30 10
30 27
30 35
30 66
30 72
30 80
31 15
31 18
31 23
31 41
31 57
31 83
31 86
32 1
32 31
32 44
32 97
33 27
33 47
33 61
33 71
33 77
33 89
33 92
34 8
34 36
35 5
35 12
35 21
35 33
35 41
35 85
36 15
36 47
36 51
36 62
36 75
37 1
37 38
37 59
37 66
37 80
37 90
38 6
38 24
38 43
38 70
38 87
38 94
39 27
39 31
39 34
39 52
39 62
39 73
39 77
39 98
40 1
40 14
40 37
41 7
41 19
41 24
41 46
41 59
41 65
41 83
41 86
41 90
41 93
42 29
42 43
42 49
42 55
42 62
42 72
43 3
43 33
43 40
43 77
44 16
44 19
44 52
44 81
44 84
44 89
44 99
45 7
45 13
45 27
45 58
45 64
45 72
45 95
46 0
46 3
46 36
46 43
46 47
46 75
46 78
47 19
47 39
47 50
47 54
47 84
48 11
48 31
48 67
48 72
48 93
49 7
49 24
50 0
50 16
50 27
50 35
50 43
50 97
51 4
51 48
51 57
51 63
51 68
51 71
51 77
51 80
52 7
52 10
52 13
52 23
52 31
52 40
52 51
52 83
52 88
53 0
53 16
53 60
53 74
53 96
54 3
54 19
54 28
54 55
54 65
54 68
54 77
55 25
55 37
55 44
55 47
55 52
55 88
55 92
56 7
56 33
56 60
56 74
56 83
57 11
57 57
58 3
58 16
58 23
58 30
58 37
58 42
58 46
58 69
58 77
59 20
59 27
59 49
59 54
59 61
59 65
59 73
59 82
59 94
60 6
61 16
61 31
61 39
61 43
61 46
61 78
61 85
62 1
62 21
62 27
62 57
62 64
62 70
62 91
62 96
63 11
63 24
63 54
63 73
64 42
64 86
65 6
65 17
65 27
65 33
65 37
65 45
65 50
65 57
65 60
65 63
65 66
65 77
65 83
65 89
66 1
66 9
66 20
66 23
66 53
66 92
67 86
67 97
68 5
68 16
68 33
68 41
68 48
68 70
68 78
68 82
69 21
69 37
69 51
69 75
69 94
70 2
70 11
70 30
70 45
70 56
70 62
70 65
70 91
71 7
71 15
71 41
71 48
71 59
71 85
71 98
72 18
72 25
72 33
72 37
72 94
73 30
73 52
73 56
73 73
73 76
73 89
74 9
74 21
74 49
74 63
74 83
75 2
75 6
75 42
75 45
75 93
75 99
76 26
76 68
76 72
76 75
76 87
77 10
77 14
77 19
77 29
77 32
77 37
77 51
77 65
77 79
78 22
78 42
78 56
78 59
78 98
79 2
79 5
79 26
79 74
79 82
79 85
79 90
80 9
80 19
80 29
80 32
80 47
80 63
80 67
80 70
80 78
81 22
81 42
81 50
81 98
82 14
82 36
82 53
83 1
83 57
83 61
83 68
83 76
83 79
83 85
83 88
84 21
84 41
84 44
84 48
84 64
84 72
84 82
84 98
85 7
85 13
85 16
85 36
85 95
86 0
86 28
86 31
86 51
86 68
86 77
86 85
86 90
87 21
87 42
87 59
87 72
87 81
88 36
88 54
88 63
88 95
89 0
89 3
89 8
89 15
89 25
89 33
89 39
89 47
89 51
90 20
90 29
90 57
90 67
90 83
90 92
91 42
91 63
91 73
91 88
91 95
92 26
92 47
92 77
92 98
93 1
93 33
93 37
93 53
93 66
93 70
94 10
94 41
94 50
94 56
94 59
94 82
94 91
95 7
95 19
95 24
95 30
95 46
95 73
95 87
95 96
96 16
96 79
97 2
97 13
97 43
97 52
97 60
97 64
97 76
97 91
98 10
98 24
98 27
98 31
98 35
98 48
98 67
98 88
99 83
