0 77
0 97
1 6
1 54
2 86
4 14
4 33
5 24
5 66
7 42
7 94
9 76
10 85
11 6
11 52
13 30
13 62
14 37
14 96
16 69
18 2
18 15
19 47
22 84
22 92
24 57
24 70
25 12
26 0
26 38
27 25
27 45
31 66
31 90
34 12
34 24
34 79
35 2
35 42
35 50
36 32
38 63
41 19
41 81
42 93
43 1
43 38
44 73
45 50
45 63
47 27
49 85
51 0
51 10
52 51
53 41
54 17
54 68
55 30
56 60
58 76
58 91
60 4
61 44
61 83
62 14
64 65
66 28
68 38
68 55
69 18
69 85
69 92
70 47
70 74
71 1
74 10
76 63
77 28
77 42
77 74
77 84
78 0
79 17
79 53
83 62
84 24
85 41
85 71
86 92
87 52
88 3
88 12
88 78
91 33
93 23
94 61
94 89
96 68
99 42
