0 9
0 26
0 29
0 34
0 57
0 76
0 80
1 12
1 18
1 22
1 53
1 54
1 87
1 98
2 2
2 15
2 33
2 38
2 48
2 51
2 93
3 2
3 3
3 25
3 28
3 38
3 63
3 66
3 72
3 78
3 84
4 21
4 31
4 32
4 41
4 45
4 54
4 60
4 69
4 81
5 8
5 14
5 31
5 75
5 87
5 90
5 94
6 2
6 84
7 11
7 19
7 24
7 27
7 36
7 40
7 51
7 56
7 62
8 8
8 16
8 28
8 63
8 69
8 72
8 76
8 98
9 45
9 84
9 92
10 1
10 5
10 39
10 49
10 81
10 87
11 15
11 20
11 23
11 29
11 31
11 34
11 72
11 75
12 31
12 45
12 58
12 61
12 67
12 81
13 9
13 12
13 28
13 64
14 1
14 50
14 54
14 58
14 90
15 4
15 14
15 17
15 39
15 43
15 70
15 84
15 87
15 96
16 22
16 26
16 32
16 36
16 63
16 80
17 48
17 55
17 59
17 73
18 6
18 43
18 85
19 32
19 52
19 66
19 79
19 89
20 2
20 8
20 13
20 17
20 27
20 38
20 62
21 5
21 12
21 24
21 35
21 83
21 97
22 12
22 32
22 52
22 66
22 87
22 94
23 16
23 41
23 86
23 94
24 1
24 5
24 25
24 37
24 46
24 70
24 83
24 87
24 94
25 23
25 24
25 26
25 55
25 58
25 67
25 89
26 11
26 25
26 31
26 37
26 63
26 86
26 96
26 97
27 0
27 19
27 66
27 73
27 80
27 98
28 6
28 15
28 19
28 22
28 37
28 77
28 89
29 25
29 34
29 45
29 56
29 69
29 93
30 2
30 18
30 28
30 49
30 62
30 66
30 80
30 99
31 6
31 22
31 41
31 72
31 91
31 92
32 33
32 36
32 69
32 75
32 87
33 22
33 23
33 92
34 0
34 42
34 52
34 59
35 49
35 55
35 65
35 72
35 82
36 17
36 35
36 38
36 46
36 77
36 86
37 26
37 61
37 89
37 99
38 6
38 29
38 30
38 54
38 65
38 93
39 0
39 10
39 16
39 19
39 23
39 71
39 72
40 19
40 50
40 86
40 87
40 98
41 1
41 36
41 43
41 64
41 78
41 81
42 18
42 26
42 30
42 68
42 88
42 95
43 6
43 15
43 23
43 40
43 51
43 55
43 75
43 92
44 0
44 5
44 6
44 33
44 37
44 44
44 58
44 78
44 85
45 5
45 11
45 64
45 69
45 72
45 82
45 97
46 61
47 2
47 18
47 26
47 35
47 50
47 57
47 77
47 86
48 15
48 20
48 23
48 42
48 47
48 54
48 67
48 86
48 92
49 5
49 32
49 64
49 82
50 28
50 51
50 73
50 79
50 96
51 19
51 22
51 29
51 35
51 41
51 50
51 54
51 58
51 97
52 9
52 16
52 63
52 76
52 93
53 7
53 8
53 12
53 27
53 44
53 47
53 61
53 70
53 86
54 0
54 2
54 5
54 22
54 30
54 53
54 61
54 82
55 15
55 61
55 67
55 92
56 37
56 57
56 74
57 33
57 49
57 60
57 64
57 78
57 81
58 1
58 31
58 43
58 54
58 69
58 85
58 97
59 5
59 8
59 11
59 88
60 20
60 36
60 48
60 51
60 61
60 74
60 95
61 1
61 15
61 31
61 42
61 44
61 56
61 67
61 79
62 40
62 44
62 70
62 94
63 20
63 27
63 50
63 73
63 83
63 88
63 92
64 4
64 9
64 16
64 33
64 46
64 65
64 74
64 98
65 30
65 32
65 37
65 43
65 54
65 57
65 70
66 16
66 19
66 22
66 39
66 60
66 67
66 77
66 83
67 6
67 9
67 17
67 25
67 41
67 63
68 2
68 30
68 52
68 55
68 89
69 35
69 77
69 86
69 94
69 98
70 23
70 43
70 49
70 64
70 71
71 1
71 2
71 3
71 16
71 30
71 40
71 46
71 67
71 83
71 87
72 3
72 19
72 58
73 1
73 21
73 43
73 73
73 79
73 90
73 93
74 11
74 40
74 46
74 76
74 82
74 99
75 14
75 24
75 50
76 4
76 57
76 68
76 71
76 87
77 0
77 45
77 78
78 14
78 18
78 38
78 75
78 76
78 81
78 95
79 3
79 6
79 10
79 21
79 25
79 48
79 56
79 60
79 87
80 28
80 49
80 52
80 91
81 0
81 15
81 40
81 73
81 97
82 14
82 23
82 25
82 44
82 53
82 69
82 80
83 7
83 10
83 34
83 58
83 66
83 77
83 93
84 26
84 47
84 72
84 98
85 3
85 14
85 20
85 38
85 53
85 63
86 11
86 42
86 67
86 77
86 86
86 90
87 50
87 59
87 74
87 98
88 15
88 35
88 38
88 55
88 63
88 71
89 10
89 18
89 39
89 85
89 88
90 5
90 24
90 49
90 66
90 91
91 1
91 27
91 49
91 50
91 56
91 59
91 62
91 71
92 34
92 38
92 45
92 50
92 74
92 79
92 85
93 11
93 24
93 30
93 48
93 53
93 96
94 4
94 18
94 90
94 99
95 7
95 21
95 72
95 77
95 80
95 85
96 11
96 29
96 44
96 53
96 56
96 64
96 68
97 33
97 36
97 59
97 88
98 14
98 21
98 26
98 35
98 94
99 3
99 7
99 8
