0 25
0 34
0 75
0 93
1 21
1 38
1 50
1 62
1 72
2 1
2 81
2 96
3 25
3 33
3 41
3 65
3 87
4 16
4 36
4 46
4 58
4 75
5 1
5 71
5 78
6 21
6 41
6 49
6 61
6 68
7 12
7 34
7 35
7 84
8 89
9 1
9 19
9 63
9 79
10 11
10 31
10 51
10 70
10 93
11 23
11 38
11 54
11 58
11 85
11 99
12 73
13 33
13 44
13 63
14 16
14 82
15 0
15 8
15 37
15 59
16 12
16 22
16 40
16 44
16 53
16 74
17 65
17 68
17 81
17 93
18 25
18 26
18 85
19 6
19 7
19 31
19 89
20 44
20 48
20 59
20 64
20 71
21 17
21 21
21 22
21 36
21 71
21 74
21 79
21 84
21 97
22 1
22 8
22 20
22 32
24 13
24 58
24 77
24 88
25 26
25 71
25 92
26 4
26 20
26 45
26 54
26 82
26 98
27 14
27 42
27 62
28 10
28 18
28 34
28 73
29 3
29 52
29 99
30 13
30 24
30 27
30 45
30 60
30 78
30 96
31 10
31 14
32 63
32 68
32 74
32 83
32 90
33 44
33 95
34 1
34 5
34 25
34 39
35 48
35 65
35 84
36 14
36 32
36 56
36 92
37 18
37 26
37 39
37 61
38 3
38 44
38 65
38 66
38 69
39 55
39 68
39 77
39 93
40 15
40 27
40 36
40 59
40 88
40 97
41 5
41 40
41 51
41 81
41 84
42 23
42 44
43 31
43 63
43 66
43 70
43 91
44 1
44 11
44 28
44 35
45 41
45 59
46 7
46 55
46 74
47 47
47 64
47 71
48 17
48 24
48 42
48 50
48 76
48 80
48 92
49 31
50 35
50 54
50 84
51 11
51 14
51 89
51 99
52 0
52 7
52 46
52 63
52 75
53 30
53 58
53 69
53 94
54 10
54 25
54 37
54 50
55 55
55 75
55 80
55 85
56 14
56 33
56 43
56 63
56 70
57 38
57 88
57 94
58 17
58 29
58 66
58 84
59 5
59 9
59 75
59 78
60 1
60 14
60 70
61 0
61 39
61 92
61 97
62 19
62 29
62 45
62 63
62 86
63 33
64 10
64 48
64 57
64 70
65 29
65 42
65 43
65 82
65 91
66 23
66 41
66 61
67 7
67 9
67 67
67 73
68 5
68 18
68 35
68 36
68 39
68 96
69 11
69 45
69 81
69 84
69 90
70 14
70 22
70 32
70 52
70 72
71 4
71 9
71 28
71 52
72 9
72 11
72 90
72 97
73 1
73 34
73 38
73 64
73 70
73 86
74 9
74 14
74 16
74 21
74 49
75 6
75 30
75 45
76 81
76 89
77 19
77 37
77 41
77 62
78 11
78 15
78 57
78 68
79 41
79 45
79 52
79 93
80 8
80 23
80 81
81 4
81 17
81 34
81 88
82 28
82 59
82 69
82 95
83 4
83 12
83 37
84 1
84 5
84 17
84 31
84 63
84 91
84 98
85 83
86 11
86 35
86 40
86 44
87 9
87 24
87 53
88 18
88 49
88 64
88 66
88 70
88 73
88 95
89 37
89 39
89 78
89 83
89 91
90 0
90 9
90 14
90 23
90 28
90 32
90 58
91 86
91 97
92 47
92 72
92 89
93 25
93 38
93 43
93 51
94 10
94 29
94 34
94 66
94 86
94 92
95 2
95 6
95 75
95 79
95 98
96 14
96 24
96 46
96 50
96 89
97 9
97 18
97 42
97 58
97 64
98 3
98 28
98 54
99 21
99 76
