0 7
0 25
0 28
0 33
0 42
0 51
0 57
0 65
0 75
0 97
0 99
1 3
1 16
1 20
1 35
1 46
1 54
1 61
1 68
1 78
1 81
1 89
1 91
2 8
2 10
2 13
2 31
2 75
2 85
2 94
2 96
3 3
3 10
3 11
3 20
3 25
3 33
3 44
3 58
3 87
3 89
4 30
4 40
4 64
4 71
4 91
4 96
4 98
4 99
5 6
5 8
5 24
5 48
5 51
5 55
5 66
5 69
5 83
5 99
6 2
6 5
6 13
6 19
6 21
6 30
6 36
6 45
6 63
6 74
6 79
7 5
7 23
7 32
7 41
7 49
7 60
7 66
7 68
7 69
7 78
7 83
7 87
7 94
8 12
8 19
8 35
8 37
8 45
8 72
8 90
9 9
9 15
9 22
9 28
9 41
9 50
9 54
9 57
9 62
9 75
9 99
10 1
10 3
10 6
10 12
10 30
10 38
10 68
10 77
10 80
10 85
10 88
11 9
11 19
11 27
11 33
11 42
11 46
11 48
11 52
11 82
11 96
11 98
12 12
12 14
12 23
12 35
12 48
12 58
12 71
12 72
12 92
13 2
13 4
13 17
13 30
13 32
13 41
13 51
13 54
13 62
13 77
13 90
13 96
14 8
14 10
14 62
14 70
14 84
14 98
15 1
15 16
15 24
15 38
15 41
15 45
15 50
15 63
15 66
15 74
15 77
15 79
15 81
15 87
15 92
16 5
16 7
16 13
16 22
16 23
16 25
16 59
16 90
17 1
17 17
17 20
17 24
17 29
17 34
17 71
17 73
17 80
17 82
17 97
17 99
18 4
18 6
18 10
18 36
18 38
18 41
18 49
18 53
18 63
18 65
18 91
18 93
19 13
19 18
19 32
19 47
19 50
19 55
19 59
19 65
19 73
19 77
19 85
20 2
20 10
20 15
20 24
20 25
20 39
20 59
20 68
20 80
20 89
20 99
21 4
21 7
21 22
21 30
21 36
21 52
21 91
21 94
22 9
22 15
22 17
22 34
22 44
22 62
22 77
22 84
22 98
23 2
23 21
23 50
23 56
23 89
23 93
24 5
24 15
24 25
24 32
24 43
24 60
24 64
24 66
24 67
24 70
24 75
24 80
25 1
25 12
25 27
25 48
25 50
25 55
25 87
25 89
25 93
25 97
26 4
26 21
26 24
26 38
26 51
26 57
27 8
27 9
27 16
27 32
27 51
27 73
27 87
27 89
27 98
28 6
28 18
28 20
28 26
28 29
28 38
28 55
28 61
28 64
28 80
28 84
29 0
29 9
29 13
29 22
29 35
29 37
29 58
29 68
29 75
29 87
29 91
30 4
30 7
30 29
30 41
30 52
30 61
30 94
31 1
31 27
31 44
31 54
31 63
31 66
31 73
31 82
31 86
31 90
31 95
32 4
32 7
32 36
32 46
32 50
32 56
32 69
32 97
33 16
33 19
33 26
33 28
33 31
33 38
33 43
33 46
33 59
33 76
33 83
33 96
34 3
34 8
34 12
34 23
34 34
34 47
34 69
34 79
34 89
35 14
35 41
35 50
35 56
35 64
35 84
36 0
36 11
36 21
36 29
36 32
36 43
36 45
36 54
36 57
36 70
36 72
36 91
36 97
37 3
37 15
37 26
37 40
37 74
37 81
37 87
38 6
38 12
38 28
38 35
38 53
38 61
38 65
38 91
38 94
39 22
39 24
39 25
39 43
39 50
39 57
39 68
39 74
39 77
39 84
40 3
40 8
40 19
40 21
40 29
40 31
40 34
40 39
40 53
40 96
41 0
41 14
41 17
41 18
41 48
41 61
41 67
41 75
41 80
41 83
41 87
42 0
42 2
42 11
42 33
42 36
42 71
42 93
42 95
43 14
43 22
43 25
43 28
43 37
43 40
43 44
43 47
43 57
43 73
43 79
43 88
44 3
44 7
44 17
44 35
44 54
44 61
44 76
44 81
44 85
44 91
44 98
45 0
45 11
45 24
45 33
45 50
45 58
45 65
45 78
45 88
45 94
46 19
46 30
46 36
46 42
46 47
46 61
46 69
46 72
46 74
46 82
46 90
47 6
47 8
47 21
47 26
47 32
47 39
47 52
47 53
47 57
47 75
47 77
47 78
48 15
48 23
48 36
48 64
48 69
48 73
48 75
48 77
48 89
48 91
48 92
49 12
49 18
49 33
49 42
49 45
49 60
49 75
49 78
49 85
49 91
49 95
49 97
50 23
50 26
50 29
50 37
50 55
50 65
50 69
50 71
50 79
50 82
50 90
50 92
51 0
51 7
51 10
51 71
51 74
51 86
51 87
52 14
52 20
52 24
52 29
52 33
52 35
52 51
52 55
52 58
52 69
52 74
52 77
53 26
53 41
53 61
53 65
53 82
53 90
53 93
54 18
54 38
54 43
54 44
54 48
54 55
54 78
54 87
54 97
55 3
55 12
55 23
55 30
55 42
55 50
55 69
55 73
56 9
56 33
56 45
56 56
56 60
56 64
56 78
56 95
56 98
57 16
57 20
57 25
57 40
57 45
57 51
57 82
57 90
58 2
58 10
58 12
58 16
58 43
58 49
58 55
58 62
58 73
58 76
58 87
58 92
58 97
59 24
59 28
59 31
59 35
59 56
59 67
59 69
59 79
59 94
60 1
60 4
60 12
60 19
60 44
60 50
60 53
60 55
60 56
60 60
60 73
60 76
60 83
60 91
61 6
61 9
61 21
61 36
61 41
61 46
61 62
61 72
61 87
62 14
62 17
62 24
62 30
62 33
62 38
62 50
62 55
62 56
62 70
62 81
62 82
62 83
62 84
62 96
63 0
63 17
63 18
63 38
63 41
63 45
63 49
63 56
63 63
63 66
63 78
63 90
64 13
64 25
64 51
64 68
64 71
64 92
64 94
65 9
65 34
65 50
65 70
65 99
66 1
66 6
66 12
66 17
66 19
66 22
66 28
66 30
66 42
66 48
66 57
66 62
66 66
66 84
66 88
67 8
67 24
67 74
67 77
67 80
67 91
67 94
67 98
68 0
68 3
68 5
68 15
68 34
68 36
68 55
68 57
68 60
68 65
68 85
68 89
69 8
69 18
69 25
69 29
69 42
69 62
69 65
69 70
69 74
70 5
70 11
70 12
70 32
70 34
70 36
70 47
70 64
70 76
70 84
71 17
71 29
71 34
71 35
71 39
71 43
71 54
71 64
71 80
71 88
71 93
72 2
72 25
72 36
72 46
72 60
72 61
72 74
72 77
72 98
73 5
73 10
73 12
73 15
73 19
73 22
73 29
73 52
73 68
73 72
73 85
73 87
73 94
74 26
74 34
74 58
74 65
74 76
74 81
75 5
75 10
75 17
75 23
75 37
75 39
75 46
75 68
75 86
75 90
76 31
76 32
76 34
76 50
76 53
76 63
76 72
76 75
76 93
76 97
77 15
77 21
77 28
77 36
77 49
77 84
77 90
78 3
78 10
78 24
78 36
78 41
78 44
78 48
78 56
78 59
78 63
78 65
78 73
78 80
78 87
79 0
79 6
79 27
79 31
79 47
79 48
79 49
79 53
79 77
79 89
79 94
80 8
80 33
80 40
80 69
80 84
80 91
81 18
81 23
81 25
81 35
81 43
81 66
81 76
81 89
81 95
82 4
82 11
82 14
82 28
82 49
82 51
82 59
82 92
83 4
83 21
83 31
83 33
83 39
83 41
83 44
83 54
83 62
83 65
83 71
83 75
83 85
83 96
83 98
84 2
84 7
84 17
84 35
84 50
84 57
84 59
84 68
84 88
85 10
85 26
85 31
85 37
85 39
85 74
85 77
85 87
85 91
85 96
86 4
86 12
86 14
86 19
86 23
86 42
86 46
86 57
86 60
86 65
86 68
86 86
86 93
87 52
87 54
87 70
87 75
87 83
87 91
88 2
88 21
88 25
88 27
88 34
88 39
88 46
88 78
88 80
89 4
89 6
89 11
89 21
89 36
89 43
89 49
89 64
89 66
89 77
89 78
89 81
89 87
89 89
89 96
90 1
90 8
90 16
90 18
90 20
90 40
90 56
90 70
90 74
90 80
90 83
90 91
90 98
91 5
91 11
91 33
91 48
91 58
91 65
91 98
92 2
92 14
92 27
92 36
92 45
92 67
92 80
92 82
92 83
92 88
92 95
92 98
93 5
93 9
93 23
93 30
93 41
93 50
93 60
93 74
93 76
93 90
93 92
94 36
94 40
94 41
94 42
94 65
94 68
94 78
94 88
94 91
94 95
95 0
95 2
95 5
95 11
95 17
95 21
95 23
95 26
95 33
95 38
95 52
95 56
95 72
95 81
95 82
95 91
96 6
96 12
96 13
96 38
96 49
97 9
97 17
97 20
97 24
97 38
97 41
97 43
97 57
97 61
97 66
97 70
97 79
97 81
97 97
98 2
98 51
98 88
99 23
99 29
99 32
99 36
99 48
99 72
99 92
