0 5
0 13
0 25
0 29
0 34
0 45
0 47
0 57
0 60
0 63
0 65
0 74
0 85
0 93
1 3
1 4
1 6
1 22
1 28
1 38
1 41
1 50
1 72
1 78
2 1
2 16
2 52
2 68
2 69
2 81
2 92
2 96
3 9
3 13
3 23
3 25
3 33
3 40
3 44
3 57
3 65
3 71
3 87
4 3
4 16
4 46
4 52
4 75
4 84
4 89
4 95
4 99
5 0
5 20
5 31
5 37
5 40
5 43
5 60
5 65
5 68
5 78
5 81
6 13
6 28
6 45
6 49
6 55
6 57
6 72
7 1
7 16
7 24
7 35
7 43
7 77
7 79
7 82
7 89
7 95
7 98
8 11
8 14
8 16
8 20
8 25
8 47
8 54
8 57
8 65
8 91
9 6
9 35
9 44
9 45
9 61
9 86
9 96
10 21
10 31
10 51
10 55
10 70
10 93
11 9
11 17
11 23
11 27
11 38
11 42
11 48
11 58
11 61
11 72
11 84
11 88
11 91
11 96
11 99
12 2
12 30
12 51
12 55
12 63
12 80
13 20
13 33
13 39
13 43
13 67
13 71
13 75
13 87
13 92
14 5
14 16
14 62
14 64
14 66
14 80
14 82
14 94
15 0
15 2
15 8
15 20
15 24
15 29
15 34
15 37
15 41
15 47
15 49
15 58
15 59
15 77
16 4
16 15
16 26
16 53
16 55
16 74
16 77
16 78
16 84
17 1
17 3
17 8
17 10
17 37
17 38
17 40
17 43
17 65
17 68
17 71
17 77
17 81
17 93
18 17
18 24
18 27
18 39
18 47
18 52
18 56
18 85
18 87
18 97
19 8
19 14
19 19
19 31
19 34
19 40
19 42
19 43
19 62
19 80
19 82
20 6
20 41
20 42
20 48
20 50
20 52
20 55
20 59
20 69
20 74
20 90
20 93
20 96
21 0
21 9
21 12
21 17
21 25
21 29
21 32
21 35
21 40
21 54
21 79
21 85
22 4
22 7
22 9
22 14
22 37
22 39
22 40
22 47
22 56
22 62
22 65
22 69
22 71
22 87
22 96
23 18
23 21
23 39
23 41
23 42
23 44
23 78
23 99
24 13
24 27
24 30
24 37
24 43
24 44
24 50
24 74
24 91
24 94
25 34
25 52
25 57
25 71
25 86
26 4
26 12
26 15
26 22
26 25
26 44
26 48
26 54
26 62
26 82
26 89
26 99
27 0
27 6
27 28
27 42
27 44
27 79
27 91
27 95
28 10
28 20
28 23
28 32
28 34
28 38
28 52
28 56
28 71
28 82
28 88
29 3
29 6
29 42
29 61
29 68
29 96
30 24
30 38
30 45
30 78
30 80
30 93
30 96
31 7
31 10
31 14
31 60
32 33
32 58
32 63
32 66
32 68
32 74
32 76
32 83
32 90
32 99
33 7
33 11
33 12
33 13
33 14
33 16
33 19
33 39
33 43
33 47
33 52
33 55
33 71
33 78
33 85
33 87
34 1
34 3
34 5
34 10
34 22
34 25
34 68
34 73
34 75
34 81
34 89
35 35
35 48
35 61
35 65
35 69
35 77
35 84
35 95
36 3
36 7
36 14
36 23
36 32
36 38
36 42
36 56
36 87
36 92
36 98
37 18
37 26
37 29
37 48
37 61
37 82
38 2
38 12
38 21
38 33
38 44
38 53
38 64
38 86
39 5
39 26
39 31
39 40
39 48
39 55
39 61
39 68
39 77
39 82
39 93
40 1
40 15
40 20
40 29
40 36
40 51
40 57
40 70
40 73
40 88
40 96
40 98
41 5
41 7
41 10
41 27
41 38
41 40
41 46
41 64
41 79
41 81
42 33
42 40
42 41
42 44
42 49
42 52
42 57
42 66
42 72
42 73
42 76
42 87
42 92
43 15
43 63
43 70
43 72
43 83
44 1
44 8
44 11
44 19
44 23
44 27
44 31
44 37
44 50
44 58
44 67
44 76
44 85
44 86
44 87
44 88
44 90
44 91
44 93
44 94
44 98
45 4
45 31
45 41
45 43
45 48
45 60
45 81
45 90
45 95
46 0
46 2
46 7
46 9
46 14
46 26
46 53
46 55
46 65
46 67
46 84
47 29
47 37
47 47
47 71
47 73
47 77
48 8
48 17
48 24
48 38
48 41
48 50
48 56
48 64
48 66
48 80
48 87
48 92
48 94
48 97
49 14
49 45
49 58
49 61
49 70
49 72
49 75
50 2
50 5
50 7
50 19
50 26
50 35
50 50
50 54
50 56
50 84
50 92
50 93
50 94
50 97
50 99
51 11
51 23
51 31
51 38
51 78
51 86
51 89
52 0
52 17
52 18
52 35
52 46
52 54
52 58
52 63
52 65
52 75
53 3
53 12
53 29
53 31
53 38
53 69
53 96
54 0
54 8
54 25
54 35
54 39
54 43
54 50
54 57
54 71
54 77
55 5
55 15
55 16
55 20
55 30
55 40
55 52
55 55
55 60
55 66
55 85
55 92
56 10
56 25
56 33
56 43
56 63
56 70
56 91
56 92
57 1
57 28
57 37
57 60
57 77
57 87
57 94
58 9
58 15
58 19
58 30
58 45
58 48
58 80
58 84
58 94
59 5
59 7
59 24
59 37
59 50
59 58
59 66
59 75
59 78
59 99
60 2
60 14
60 31
60 40
60 42
60 70
60 88
61 9
61 10
61 23
61 53
61 60
61 80
61 85
61 91
61 93
61 97
62 4
62 7
62 13
62 17
62 19
62 28
62 34
62 37
62 45
62 55
62 60
62 64
62 77
63 54
63 56
63 83
63 86
63 90
63 97
64 7
64 10
64 31
64 43
64 48
64 57
64 58
64 70
64 74
65 4
65 17
65 52
65 57
65 58
65 65
65 82
65 85
65 91
65 95
65 97
66 14
66 23
66 26
66 32
66 39
66 44
66 46
66 61
66 68
66 70
66 73
66 88
67 0
67 2
67 9
67 35
67 44
67 45
67 54
67 63
67 75
67 92
68 6
68 18
68 26
68 38
68 41
68 67
68 80
68 96
69 2
69 7
69 12
69 15
69 23
69 34
69 48
69 50
69 54
69 60
69 70
69 72
69 77
69 84
69 90
70 5
70 20
70 32
70 42
70 55
70 65
70 74
70 79
70 86
70 92
70 96
71 28
71 54
71 56
71 62
71 81
71 88
71 99
72 17
72 20
72 42
72 46
72 49
72 57
72 67
72 91
72 96
73 1
73 8
73 13
73 23
73 32
73 38
73 62
73 64
73 69
73 72
73 86
73 96
74 18
74 21
74 27
74 40
74 49
74 55
74 91
75 0
75 6
75 30
75 57
75 58
75 62
75 70
75 78
75 83
75 94
75 97
76 11
76 14
76 19
76 42
76 48
76 49
76 50
76 53
76 55
76 66
76 74
76 86
76 89
77 2
77 3
77 18
77 19
77 37
77 62
77 76
77 96
78 4
78 15
78 33
78 45
78 48
78 59
78 68
78 70
78 82
78 99
79 3
79 19
79 23
79 38
79 50
79 55
79 62
79 73
79 75
79 76
79 77
79 90
79 93
80 8
80 41
80 48
80 53
80 65
80 81
80 84
80 87
81 1
81 10
81 17
81 23
81 31
81 34
81 50
81 52
81 98
82 5
82 12
82 28
82 36
82 41
82 59
82 69
82 78
82 88
82 95
83 9
83 11
83 15
83 18
83 30
83 43
83 49
83 52
83 56
83 61
83 71
83 80
83 82
83 85
84 2
84 4
84 5
84 20
84 26
84 38
84 63
84 66
84 85
84 90
84 98
85 10
85 29
85 31
85 35
85 55
85 69
85 72
85 80
85 83
85 88
85 93
86 0
86 9
86 10
86 20
86 24
86 27
86 30
86 40
86 44
86 46
86 52
86 57
86 59
86 62
86 90
87 3
87 7
87 12
87 16
87 49
87 54
87 75
87 88
87 93
87 97
88 0
88 1
88 10
88 11
88 18
88 22
88 35
88 41
88 51
88 69
88 85
89 2
89 24
89 37
89 60
89 62
89 72
89 78
89 88
89 91
89 99
90 2
90 7
90 8
90 14
90 28
90 30
90 32
90 49
90 67
90 83
91 0
91 3
91 16
91 24
91 36
91 52
91 64
91 74
91 79
91 86
91 92
91 97
92 7
92 20
92 29
92 41
92 47
92 55
92 72
93 16
93 25
93 38
93 43
93 51
93 58
93 62
93 81
93 89
93 94
94 0
94 10
94 19
94 30
94 34
94 46
94 66
94 68
94 72
94 74
94 85
94 91
95 2
95 6
95 21
95 25
95 69
95 78
95 91
95 96
96 14
96 32
96 34
96 50
96 72
96 74
96 85
96 89
97 18
97 24
97 37
97 41
97 46
97 58
97 64
97 66
97 67
97 79
97 91
97 98
98 0
98 9
98 10
98 28
98 44
98 51
98 54
98 76
98 90
98 95
99 8
99 18
99 30
99 82
99 88
