0 34
0 42
1 50
2 1
2 14
2 23
3 65
3 91
4 75
5 57
8 48
9 5
9 40
10 31
12 60
13 93
14 16
14 23
16 74
16 82
19 31
19 60
21 12
22 1
22 44
23 52
24 23
26 82
27 62
27 91
28 34
28 70
30 2
30 45
31 10
35 84
36 32
36 93
37 18
37 48
37 71
38 3
38 55
40 10
42 80
43 31
43 63
44 39
45 89
46 55
47 47
49 70
49 79
50 10
51 32
52 0
52 18
54 40
54 50
56 63
57 88
59 0
60 14
60 70
61 80
62 45
63 35
63 57
66 23
67 88
67 95
69 15
69 47
70 3
70 55
71 74
73 64
75 30
76 89
77 37
77 96
78 49
80 59
80 68
81 17
81 81
82 5
82 28
85 35
86 44
88 70
89 83
89 91
90 58
90 99
91 16
92 4
92 35
93 25
96 74
