0 6
0 12
0 18
0 25
0 29
0 46
0 49
0 63
0 68
0 76
0 79
0 87
1 37
1 42
1 90
2 32
2 52
2 57
2 95
3 7
3 12
3 19
3 24
3 46
3 49
3 62
3 65
3 74
3 84
4 0
4 4
4 15
4 29
4 81
5 32
5 37
5 41
5 52
5 57
5 88
5 91
5 94
6 21
6 25
6 65
6 69
7 7
7 10
7 14
7 46
7 49
7 98
8 1
8 39
8 54
8 77
8 86
9 26
9 30
9 62
9 82
9 89
9 92
10 10
10 33
10 42
10 46
10 72
10 95
11 1
11 5
11 23
11 51
11 65
11 86
12 14
12 39
12 54
12 62
13 17
13 29
13 33
13 58
13 81
13 90
14 8
14 11
14 36
14 96
15 0
15 4
15 22
15 47
15 51
15 62
15 70
15 75
15 87
16 31
16 42
16 57
16 66
16 78
17 8
17 13
17 26
17 39
17 84
17 93
18 2
18 18
18 21
18 34
18 53
18 70
18 73
18 87
18 96
18 99
19 42
19 45
19 49
19 61
20 14
20 26
20 64
20 81
20 93
21 0
21 5
21 21
21 57
21 75
21 85
22 9
22 18
22 36
22 39
22 53
22 88
22 97
23 26
23 29
23 71
24 0
24 47
24 50
24 67
24 75
24 80
24 91
25 14
25 43
25 53
25 56
25 62
25 83
25 94
26 4
26 25
26 28
26 34
26 40
26 59
26 88
27 0
27 9
27 20
27 37
27 66
27 70
27 75
27 78
28 13
28 16
28 43
28 47
28 63
28 82
28 85
28 95
29 6
29 32
29 56
29 60
29 92
30 10
30 22
30 36
30 72
30 78
31 26
31 44
31 51
32 31
32 61
32 66
32 69
32 83
32 98
33 8
33 11
33 18
33 22
33 47
33 58
34 4
34 15
34 42
34 50
34 53
34 73
34 76
34 80
35 1
35 25
35 30
35 37
35 61
35 66
35 69
35 90
36 34
36 47
36 86
36 95
37 12
37 51
37 57
37 78
38 2
38 5
38 8
38 16
38 20
38 41
38 68
38 83
38 91
39 27
39 33
39 46
40 11
40 38
40 60
40 73
40 87
40 94
40 98
41 0
41 8
41 17
41 21
41 30
41 56
41 64
41 76
41 82
42 4
42 14
42 25
42 45
42 50
42 70
42 79
43 73
43 85
43 93
44 1
44 34
44 55
44 88
45 17
45 24
45 37
45 40
45 46
45 50
45 66
45 98
46 13
46 31
46 58
46 63
46 71
47 2
47 77
47 83
47 90
48 18
48 26
48 55
48 66
48 87
48 94
49 6
49 21
49 36
49 43
49 59
49 69
50 10
50 31
50 39
50 47
50 50
50 74
50 98
51 14
51 27
51 63
51 82
51 91
52 17
52 34
52 58
52 70
53 2
53 6
53 9
53 44
53 52
53 73
53 87
53 97
54 28
54 41
54 62
54 67
54 76
54 80
54 83
55 12
55 24
55 38
55 94
56 2
56 7
56 51
57 18
57 47
57 55
57 61
57 98
58 33
58 58
58 71
58 74
58 80
58 84
58 93
59 1
59 4
59 15
59 29
59 36
59 42
59 52
59 64
59 67
60 20
60 87
60 98
61 7
61 12
61 24
61 39
61 48
61 73
61 76
61 83
61 93
62 0
62 42
62 53
62 58
62 64
62 67
62 79
63 3
63 17
63 20
63 32
63 88
63 96
64 7
64 13
64 24
64 27
64 36
64 47
64 72
65 10
65 39
65 44
65 51
65 57
65 75
65 83
66 1
66 16
66 21
66 62
66 69
66 96
67 6
67 28
67 35
67 54
67 65
67 93
68 13
68 32
68 48
68 77
68 87
69 21
69 40
69 43
69 61
69 73
69 83
69 99
70 1
70 6
70 10
70 35
70 56
70 95
71 14
71 17
71 47
71 50
71 64
71 76
71 90
72 20
72 28
72 31
72 41
72 61
72 67
72 85
73 1
73 37
73 94
74 16
74 47
74 55
74 80
74 88
75 4
75 25
75 32
75 41
75 52
75 59
75 77
75 91
76 8
76 11
76 28
76 35
76 69
76 84
76 94
77 15
77 19
77 46
77 62
77 80
78 24
78 41
78 65
78 98
79 4
79 29
79 33
79 37
79 53
79 72
79 77
79 89
80 1
80 7
80 10
80 62
81 21
81 44
81 58
81 66
81 83
81 92
81 97
82 25
82 34
82 39
82 49
82 52
82 55
83 0
83 3
83 12
83 30
83 62
83 72
83 75
83 80
83 86
83 89
84 17
84 44
84 93
85 6
85 9
85 24
85 49
85 58
85 68
85 97
86 2
86 13
86 21
86 84
86 89
87 30
87 35
87 38
87 45
87 74
87 77
87 92
88 24
88 49
88 61
88 66
88 95
89 9
89 12
89 15
89 71
89 87
90 0
90 21
90 35
90 57
90 79
90 90
91 5
91 29
91 32
91 41
91 54
91 83
91 96
92 10
92 18
92 45
92 60
92 74
92 86
93 1
93 26
93 36
93 57
93 64
93 80
93 91
94 33
94 50
94 67
95 6
95 13
95 16
95 20
95 39
95 83
95 96
96 2
96 29
96 45
96 57
96 77
96 86
96 92
96 99
97 23
97 35
97 42
97 50
97 62
97 65
97 68
97 73
97 80
98 9
99 56
99 59
99 95
99 99
