0 11
0 42
0 48
0 69
0 97
1 4
1 19
1 21
1 24
1 54
1 75
2 8
2 16
2 31
3 40
3 44
3 58
3 89
5 0
5 6
5 8
5 24
5 31
5 48
5 51
5 66
5 83
6 19
6 70
7 12
7 94
8 37
8 45
8 59
8 82
8 90
9 28
9 41
9 54
9 61
9 75
9 78
10 3
10 8
10 12
10 48
10 86
11 34
11 69
12 23
12 53
12 58
12 89
13 3
13 30
13 77
14 10
14 84
14 95
14 98
15 51
15 62
15 66
16 2
16 41
16 59
16 90
17 8
17 20
17 80
17 97
18 15
18 38
19 47
19 55
19 73
19 85
19 89
20 20
20 58
20 68
20 99
21 4
21 11
21 94
22 35
22 39
22 44
22 62
22 84
23 50
23 89
24 5
24 15
24 26
24 57
24 70
24 76
24 80
25 21
25 45
25 62
25 93
25 97
26 38
26 43
27 16
27 20
27 25
27 80
27 89
28 6
28 33
28 48
28 84
29 29
29 62
29 68
30 13
30 41
30 52
30 75
31 1
31 44
31 56
31 57
31 90
31 96
32 7
32 28
32 58
32 83
32 86
33 16
33 19
33 35
33 49
33 60
34 12
34 23
34 69
34 79
35 41
35 73
36 1
36 32
36 48
36 90
37 15
37 48
37 53
37 67
37 87
37 97
38 6
38 22
38 28
39 18
39 34
39 43
39 57
39 61
39 74
40 16
40 39
40 48
40 96
41 3
41 68
41 81
41 87
43 3
43 22
43 25
43 44
43 57
44 7
44 17
44 35
44 76
44 85
44 91
45 11
45 50
45 65
45 97
46 61
47 6
47 21
47 27
47 32
47 57
47 75
48 52
48 64
48 69
49 45
49 76
49 78
49 85
49 95
50 60
51 0
51 7
51 10
51 51
51 66
51 70
52 15
52 18
52 29
52 62
52 85
53 41
53 82
53 90
53 93
54 21
54 33
54 34
54 48
54 55
54 68
54 78
55 12
55 18
55 30
56 16
56 60
56 64
57 40
57 99
58 14
58 15
58 26
58 49
58 56
58 73
58 76
58 91
58 94
59 27
59 43
59 69
59 79
60 4
60 27
60 36
60 52
60 60
60 83
61 9
61 46
62 14
62 19
62 24
62 72
62 88
62 96
63 63
63 66
63 78
63 92
65 4
65 9
65 43
66 1
66 17
66 28
66 39
66 40
66 80
66 84
67 24
67 47
68 34
68 55
68 89
68 95
69 1
69 12
69 18
69 29
69 40
69 62
70 2
70 47
70 74
71 83
71 88
71 93
72 53
72 96
73 15
73 29
73 45
73 48
73 68
74 6
74 34
74 85
75 10
75 73
76 21
76 24
76 53
76 63
76 72
76 91
77 15
77 28
77 56
77 73
77 84
78 3
78 80
79 21
79 35
79 36
79 53
79 94
80 9
80 26
80 72
80 85
81 18
81 66
81 76
81 81
81 89
82 49
83 31
83 54
83 62
84 7
84 14
85 26
85 78
85 86
85 91
86 10
86 17
86 42
86 61
86 68
86 95
86 98
86 99
87 52
87 71
88 3
88 27
88 34
89 39
89 43
89 67
89 87
90 8
90 16
90 49
90 56
91 4
91 11
91 78
91 80
91 91
91 98
92 27
92 88
93 23
93 36
93 44
93 50
93 60
93 61
93 79
94 31
94 72
95 38
95 88
95 89
95 93
96 4
96 22
96 62
97 5
97 10
97 17
97 49
97 66
97 75
97 79
98 13
98 32
98 71
99 24
99 27
99 58
99 86
99 92
