0 13
0 25
0 34
0 53
0 57
0 63
0 66
0 75
0 85
0 93
1 22
1 28
1 30
1 38
1 50
1 69
1 72
1 78
2 1
2 16
2 81
2 92
2 96
3 9
3 23
3 33
3 40
3 44
3 52
3 65
3 87
4 16
4 27
4 28
4 58
4 75
4 84
4 99
5 0
5 4
5 20
5 23
5 31
5 65
5 68
5 78
5 81
6 7
6 13
6 41
6 49
6 55
6 61
6 72
7 1
7 9
7 24
7 36
7 58
7 77
7 80
7 89
7 95
8 9
8 14
8 45
8 54
8 83
9 0
9 6
9 19
9 35
9 63
9 76
9 82
9 96
10 31
10 51
10 55
10 66
10 70
11 6
11 9
11 17
11 23
11 38
11 42
11 58
11 61
11 67
11 75
11 81
11 85
11 88
11 95
11 99
12 2
12 26
12 30
12 52
12 55
12 74
12 76
12 91
13 12
13 33
13 39
13 43
13 49
13 63
13 71
13 76
13 87
14 4
14 5
14 11
14 16
14 56
14 81
14 91
14 95
14 96
15 0
15 8
15 24
15 37
15 60
15 97
16 15
16 40
16 47
16 49
16 53
16 74
16 77
16 78
16 84
17 8
17 12
17 43
17 56
17 59
17 65
17 68
17 71
17 81
17 93
18 0
18 17
18 24
18 52
18 77
18 85
18 97
19 6
19 31
19 34
19 80
19 88
20 19
20 25
20 39
20 48
20 56
20 59
20 69
20 85
21 8
21 9
21 12
21 25
21 29
21 36
21 40
21 45
21 51
21 52
21 53
21 56
21 79
21 87
21 92
22 1
22 17
22 53
22 62
22 65
22 69
22 97
23 21
23 39
23 41
23 44
23 74
23 78
24 13
24 27
24 31
24 50
24 65
24 91
24 94
25 57
25 71
25 76
25 86
26 4
26 12
26 15
26 22
26 25
26 48
26 54
26 62
26 82
26 89
26 99
27 0
27 28
27 42
27 51
27 79
27 93
28 10
28 13
28 20
28 23
28 32
28 38
28 49
28 64
28 88
29 3
29 29
29 42
29 61
29 68
29 72
29 91
30 24
30 45
30 53
30 71
30 78
30 86
30 95
31 3
31 7
31 10
31 14
31 21
31 29
32 33
32 58
32 63
32 68
32 74
32 83
32 90
32 97
33 14
33 39
33 42
33 52
33 55
33 71
33 78
33 87
34 1
34 5
34 22
34 25
34 75
34 90
35 48
35 65
35 84
35 95
36 7
36 14
36 32
36 38
36 42
36 56
36 87
36 92
36 98
37 18
37 26
37 29
37 48
37 61
37 82
38 2
38 9
38 21
38 44
38 53
38 86
39 5
39 26
39 40
39 48
39 68
39 77
39 93
40 1
40 15
40 36
40 51
40 57
40 61
40 88
40 97
41 5
41 10
41 22
41 64
41 79
41 82
42 25
42 33
42 39
42 44
42 49
42 52
42 60
42 92
42 95
43 4
43 16
43 63
43 66
43 70
43 83
43 89
44 1
44 8
44 11
44 19
44 22
44 27
44 37
44 44
44 45
44 56
44 59
44 73
44 76
44 98
45 22
45 33
45 41
45 48
45 59
45 68
45 82
45 90
45 93
46 0
46 4
46 7
46 53
46 65
46 68
46 75
46 88
47 11
47 21
47 47
47 56
47 71
47 83
48 8
48 17
48 24
48 41
48 50
48 64
48 80
48 92
48 97
49 45
49 61
49 70
49 75
49 87
50 2
50 5
50 19
50 26
50 35
50 54
50 84
50 97
51 8
51 11
51 22
51 32
51 50
51 59
51 78
51 89
51 93
52 0
52 15
52 20
52 35
52 39
52 46
52 54
52 63
52 75
52 92
52 93
53 3
53 30
53 69
53 91
53 93
53 95
54 0
54 8
54 25
54 36
54 43
54 47
54 50
54 77
54 88
55 5
55 20
55 55
55 60
55 73
55 82
55 85
55 91
56 10
56 25
56 33
56 43
56 51
56 63
56 70
56 78
56 80
57 1
57 37
57 67
57 88
57 92
58 10
58 15
58 19
58 29
58 34
58 45
58 48
58 84
58 92
59 5
59 37
59 59
59 62
59 64
59 75
59 78
60 1
60 14
60 31
60 40
60 70
60 88
61 4
61 23
61 52
61 74
61 80
61 85
61 91
61 97
62 1
62 2
62 3
62 7
62 13
62 17
62 29
62 40
62 45
62 60
62 64
62 77
63 33
63 83
63 86
63 90
63 97
64 7
64 10
64 13
64 14
64 43
64 48
64 70
64 77
65 4
65 7
65 17
65 29
65 52
65 65
65 82
65 85
65 91
65 96
66 13
66 23
66 26
66 33
66 39
66 43
66 48
66 61
66 68
66 88
67 0
67 30
67 36
67 54
67 73
68 12
68 18
68 26
68 29
68 39
68 44
68 80
68 96
69 3
69 7
69 12
69 15
69 23
69 40
69 42
69 52
69 53
69 77
69 84
69 90
70 0
70 10
70 32
70 47
70 53
70 65
70 72
70 93
71 10
71 23
71 24
71 25
71 28
71 35
71 58
71 62
71 75
71 78
71 81
71 88
71 99
72 20
72 33
72 46
72 49
72 52
72 67
72 91
73 1
73 13
73 38
73 62
73 70
73 86
74 9
74 21
74 24
74 27
74 45
74 49
74 73
74 93
75 0
75 6
75 30
75 34
75 41
75 42
75 58
75 62
75 70
75 78
75 83
75 94
76 14
76 19
76 53
76 66
76 89
76 92
77 19
77 37
77 62
78 15
78 26
78 32
78 33
78 45
78 49
78 56
78 68
78 82
78 88
78 97
78 99
79 23
79 38
79 59
79 62
79 76
79 85
79 93
80 8
80 41
80 47
80 65
80 72
80 81
81 1
81 11
81 17
81 23
81 31
81 34
81 55
81 88
81 92
81 98
82 5
82 28
82 41
82 49
82 59
82 69
82 78
82 91
82 95
83 9
83 12
83 18
83 31
83 37
83 45
83 51
83 55
83 56
83 82
83 92
84 4
84 27
84 63
84 69
84 75
84 95
84 98
85 6
85 10
85 17
85 31
85 35
85 72
85 76
85 79
85 80
85 83
85 88
86 0
86 21
86 27
86 40
86 44
86 52
86 56
86 59
86 62
86 92
87 3
87 24
87 31
87 49
87 94
87 97
88 3
88 6
88 15
88 18
88 35
88 38
88 41
88 69
88 73
88 85
88 89
88 93
89 3
89 21
89 24
89 52
89 62
89 78
89 99
90 1
90 6
90 14
90 28
90 33
90 49
90 58
90 83
90 89
91 24
91 36
91 64
91 75
91 86
91 92
91 97
92 1
92 7
92 29
92 41
92 47
92 52
92 55
92 69
92 72
93 19
93 25
93 38
93 59
93 62
93 81
93 94
94 10
94 34
94 44
94 47
94 66
94 69
94 72
94 86
95 1
95 6
95 26
95 29
95 38
95 46
95 69
95 75
95 80
95 96
96 14
96 31
96 32
96 50
96 60
96 67
96 80
96 85
96 89
97 5
97 11
97 18
97 24
97 34
97 41
97 64
97 74
98 0
98 6
98 7
98 28
98 44
98 54
98 77
99 6
99 19
99 88
