0 0
0 5
0 6
0 9
0 28
0 47
0 70
0 77
0 98
1 8
1 16
1 19
1 51
1 64
1 72
1 84
1 92
1 96
1 97
2 33
2 41
2 80
2 81
2 88
2 98
3 11
3 23
3 27
3 36
3 44
3 47
3 68
3 77
4 0
4 5
4 8
4 51
4 53
4 56
4 60
4 64
4 81
5 1
5 19
5 33
5 40
6 22
6 78
7 1
7 10
7 26
7 44
7 54
7 60
7 64
7 68
7 72
7 82
7 85
7 88
7 94
7 98
8 4
8 13
8 17
8 41
8 47
8 57
9 13
9 20
9 23
9 37
9 52
9 53
9 75
10 4
10 27
10 33
10 68
10 83
10 90
10 93
10 99
11 1
11 45
11 63
12 53
12 78
13 18
13 22
13 27
13 30
13 38
13 42
13 71
13 82
13 90
13 95
14 10
14 31
14 49
14 58
14 65
14 70
14 75
14 97
15 6
15 17
15 53
15 61
15 72
15 85
15 95
16 0
16 14
16 25
16 38
16 79
16 90
17 3
17 17
17 32
17 44
17 49
17 56
17 67
17 71
18 28
18 41
18 85
19 11
19 22
19 52
19 79
19 92
19 97
20 8
20 35
20 46
20 63
20 84
20 88
21 6
21 38
21 41
21 67
21 71
22 2
22 29
22 49
22 56
23 15
23 25
23 63
23 77
23 82
23 98
24 9
24 38
24 53
24 59
24 90
24 93
24 94
25 2
25 19
25 49
25 74
26 6
26 25
26 32
26 41
26 61
26 68
26 82
26 85
26 98
27 5
27 35
27 44
27 71
27 92
28 8
28 29
28 38
28 54
28 74
28 75
29 2
29 11
29 14
29 23
29 26
29 51
29 54
29 56
29 66
29 80
29 89
29 99
30 5
30 32
30 59
30 97
31 8
31 63
31 98
32 44
32 51
32 56
32 67
32 72
33 14
33 18
33 28
33 55
33 75
33 89
34 15
34 36
34 39
34 55
34 78
34 92
34 96
35 4
35 8
35 24
35 58
35 61
35 66
35 81
35 85
36 9
36 18
36 22
36 45
36 89
37 3
37 12
37 28
37 52
37 78
37 92
38 0
38 18
38 25
38 49
38 58
38 66
38 95
39 38
39 62
39 81
39 85
40 32
40 41
40 77
40 82
41 11
41 46
41 49
41 66
41 72
41 97
42 56
42 87
43 8
43 23
43 28
43 34
43 60
43 78
43 81
43 84
43 93
44 16
44 39
44 43
44 45
44 54
44 63
44 98
45 2
45 5
45 11
45 48
45 72
45 97
46 76
46 89
47 22
47 25
47 26
47 33
47 36
47 63
47 80
47 92
48 11
48 14
48 46
48 52
48 57
48 72
49 5
49 18
49 43
49 69
49 85
49 95
50 39
50 75
51 14
51 29
51 48
51 67
51 79
51 90
52 6
52 22
52 34
52 93
53 1
53 4
53 10
53 25
53 43
53 56
53 60
53 70
53 76
53 86
54 4
54 19
54 39
54 64
55 15
55 32
55 83
56 6
56 7
56 35
56 53
56 61
56 79
57 2
57 25
57 28
57 39
57 47
57 57
57 89
58 42
59 8
59 13
59 17
59 35
59 54
59 66
59 67
59 74
59 92
60 4
60 20
60 38
60 47
60 51
60 60
60 79
60 86
60 95
61 1
61 5
61 30
61 44
61 57
61 63
61 70
61 82
62 24
62 67
62 91
63 10
63 27
63 53
63 87
64 20
64 56
64 71
64 80
64 98
65 4
65 16
65 37
65 46
65 49
66 0
66 9
66 30
66 33
66 53
66 63
66 67
66 70
66 92
66 93
67 22
67 80
67 85
68 6
68 56
69 27
69 34
69 50
69 60
69 74
70 24
70 41
70 60
70 89
70 96
71 1
71 5
71 55
71 63
71 81
72 12
72 33
72 58
72 72
72 77
73 8
73 18
73 25
73 37
73 40
73 46
73 68
73 86
73 87
73 88
73 94
74 0
74 21
74 43
74 81
74 98
75 11
75 29
75 50
75 55
75 59
75 72
75 88
76 14
76 16
76 32
76 36
76 37
76 40
76 91
77 0
77 3
77 62
77 63
77 66
77 69
77 77
78 10
78 16
78 20
78 27
78 44
78 72
78 81
78 84
79 3
79 48
79 57
79 90
79 96
80 13
80 24
80 37
80 43
80 44
80 74
81 17
81 30
81 71
81 80
81 85
82 52
82 62
82 88
83 1
83 8
83 26
83 33
83 36
83 56
83 57
84 18
84 21
84 29
84 42
84 84
84 91
85 26
85 46
85 50
85 75
85 81
85 94
86 53
86 56
86 60
86 64
86 65
86 72
87 11
87 41
87 69
87 89
88 2
88 7
88 37
88 47
88 77
88 93
88 97
89 20
89 27
89 54
89 57
89 77
89 83
90 10
90 16
90 70
91 1
91 40
91 43
91 49
91 94
92 24
92 29
92 33
92 35
92 63
92 66
92 73
92 99
93 25
93 38
93 51
93 60
93 79
93 87
94 5
94 13
94 26
94 34
94 37
94 40
94 43
94 69
94 95
95 1
95 8
95 26
95 34
95 36
95 47
95 55
96 23
96 36
96 65
96 73
96 78
96 81
96 85
97 18
97 31
97 35
97 42
97 61
97 68
97 92
97 96
98 2
98 14
98 27
98 46
98 52
98 58
99 6
99 7
99 8
