0 25
0 34
0 93
1 50
2 1
2 73
3 41
3 65
3 87
4 11
4 16
4 58
5 31
5 78
6 95
7 2
9 5
9 7
9 19
9 26
9 63
9 98
10 33
11 38
11 46
11 54
11 86
12 45
13 26
14 16
15 0
15 10
15 46
16 24
16 38
16 74
17 43
17 68
17 81
17 93
18 56
19 24
19 31
19 50
19 59
21 17
21 87
22 1
22 10
22 69
22 91
23 7
26 15
26 25
26 82
27 43
27 54
27 62
27 91
28 34
28 48
29 3
31 10
31 97
32 19
32 68
32 74
34 25
34 39
35 48
35 84
35 97
36 14
36 32
36 56
36 92
37 61
38 3
38 67
38 71
39 42
39 77
41 52
41 82
42 24
42 26
42 33
43 63
44 1
44 11
44 71
44 93
45 41
46 55
47 16
47 31
47 47
48 24
48 83
49 70
49 87
50 35
50 80
50 83
51 11
51 42
51 92
52 0
52 63
52 75
54 25
54 50
54 58
55 16
56 6
56 33
56 43
56 70
57 9
57 19
57 58
57 88
57 96
58 9
59 75
60 14
60 60
61 39
61 80
61 96
62 19
62 45
62 86
63 33
63 53
64 70
65 0
65 9
66 26
67 43
67 88
68 18
68 57
68 96
69 37
69 81
70 72
73 1
73 64
73 86
74 14
74 21
74 49
75 6
75 30
77 37
78 68
78 82
79 45
79 74
79 93
80 23
81 17
81 76
82 5
82 28
83 57
83 76
84 63
84 93
84 98
85 35
85 83
86 12
86 40
87 6
88 22
88 49
88 70
89 78
89 91
90 28
90 58
90 83
91 16
91 97
93 38
94 4
94 11
94 66
94 72
95 5
96 4
96 50
96 85
97 18
97 80
98 39
98 45
99 58
