0 13
0 25
0 34
0 43
0 44
0 55
0 65
0 93
1 22
1 29
1 38
1 50
1 62
1 72
1 78
2 1
2 16
2 30
2 47
2 81
2 96
3 9
3 33
3 41
3 44
3 54
3 65
3 87
3 91
4 30
4 58
4 75
4 84
5 1
5 4
5 20
5 78
6 8
6 9
6 13
6 36
6 41
6 49
6 55
6 61
6 66
6 72
7 84
7 85
7 89
7 95
8 0
8 24
8 84
9 1
9 19
9 63
9 79
9 82
10 0
10 1
10 6
10 23
10 26
10 31
10 42
10 51
10 55
10 70
10 80
11 38
11 58
11 85
11 99
12 5
12 19
12 63
12 66
12 78
13 33
13 43
13 49
13 71
13 92
14 3
14 16
14 27
14 58
14 81
14 88
15 0
15 8
15 37
16 22
16 40
16 53
16 74
16 84
17 13
17 15
17 65
17 68
17 71
17 81
17 89
17 93
18 8
18 45
18 56
19 4
19 25
19 31
19 34
19 40
19 43
19 52
19 75
19 88
20 9
20 19
20 23
20 26
20 45
20 48
20 56
20 59
20 69
20 97
21 79
21 88
22 1
22 6
22 14
22 37
22 65
22 74
22 85
22 91
23 18
23 21
23 44
23 58
23 74
23 89
24 31
24 43
24 50
24 60
24 96
25 26
25 71
25 76
25 77
25 86
25 92
26 4
26 12
26 15
26 54
26 75
26 82
26 99
27 0
27 42
27 57
27 58
27 62
27 68
28 20
28 28
28 32
28 38
28 51
28 88
28 91
29 3
29 9
29 29
29 67
29 70
30 24
30 45
30 55
30 60
30 71
30 78
30 95
30 96
31 16
31 31
32 8
32 10
32 12
32 15
32 36
32 51
32 63
32 68
32 74
32 83
32 90
33 8
33 39
33 42
33 55
33 71
33 87
34 1
34 5
34 9
34 23
34 44
35 48
35 65
35 75
35 84
35 95
36 14
36 32
36 56
36 76
36 79
36 87
36 92
36 98
37 6
37 7
37 18
37 26
37 61
37 72
38 3
38 44
38 53
38 84
39 48
39 56
39 68
39 74
39 77
39 93
40 15
40 27
40 36
40 88
40 97
41 5
41 10
41 18
41 20
41 51
41 60
41 80
42 24
42 33
42 44
42 66
43 24
43 63
43 70
43 83
43 91
44 1
44 11
44 19
44 76
44 94
44 97
45 26
45 33
45 36
45 41
45 49
46 7
46 53
46 61
46 65
47 56
47 71
47 88
47 89
48 17
48 24
48 41
48 45
48 50
48 68
48 76
48 80
48 92
48 97
49 8
49 61
49 66
50 14
50 20
50 35
50 54
50 84
51 11
51 15
51 27
51 32
51 78
51 81
51 89
51 92
51 97
52 0
52 18
52 19
52 22
52 39
52 46
52 63
52 66
52 75
52 92
53 3
53 35
53 69
53 94
54 13
54 25
54 43
54 50
54 66
55 20
55 55
55 60
55 75
55 85
55 97
56 33
56 63
56 70
56 78
57 1
57 37
57 51
57 88
58 15
58 29
58 45
58 48
58 66
58 84
58 94
58 95
59 5
59 8
59 63
59 65
59 75
59 78
60 26
60 40
60 70
60 88
61 23
61 52
61 61
61 82
61 92
61 97
62 0
62 7
62 13
62 19
62 29
62 45
62 61
62 64
62 74
62 79
63 33
63 86
64 10
64 48
64 70
64 75
64 83
65 5
65 14
65 17
65 29
65 43
65 91
66 7
66 14
66 23
66 26
66 38
66 40
66 61
66 65
66 88
67 54
67 73
67 99
68 12
68 18
68 35
68 38
68 80
68 96
69 6
69 15
69 59
69 84
69 90
70 8
70 9
70 24
70 25
70 32
70 44
70 47
70 65
70 72
70 93
71 28
71 62
71 78
71 81
71 99
72 8
72 43
72 89
73 1
73 13
73 18
73 38
73 65
73 70
73 86
74 21
74 27
74 34
74 42
74 45
74 49
74 74
75 6
75 30
76 14
76 77
76 78
76 81
76 85
76 86
76 89
76 96
77 18
77 37
77 62
77 72
77 98
78 29
78 32
78 45
78 56
78 68
79 1
79 2
79 14
79 54
79 55
79 59
79 71
79 93
80 1
80 8
80 23
80 41
80 65
80 81
81 11
81 17
81 31
81 34
81 52
81 55
81 88
81 98
82 5
82 28
82 47
82 59
82 69
82 78
82 85
82 92
82 95
83 37
83 43
83 51
83 73
83 74
83 82
84 17
84 20
84 31
84 63
84 98
85 5
85 11
85 28
85 74
85 88
86 9
86 31
86 40
86 44
86 56
86 79
87 3
87 24
87 29
87 49
87 53
88 2
88 6
88 15
88 18
88 35
88 69
88 73
88 85
88 95
89 78
89 91
89 99
90 3
90 23
90 28
90 49
90 58
90 61
91 6
91 13
91 16
91 64
91 81
91 86
92 5
92 41
92 55
92 69
92 72
92 98
93 25
93 30
93 38
93 47
93 51
93 59
93 94
94 10
94 21
94 34
94 62
94 66
94 86
95 2
95 7
95 55
95 75
95 83
96 7
96 14
96 24
96 50
96 57
96 79
96 89
96 93
96 99
97 7
97 8
97 18
97 35
97 36
97 41
97 64
97 70
97 79
97 86
98 8
98 9
98 28
98 54
98 61
98 72
98 78
98 83
98 99
99 7
99 44
99 97
