0 7
0 36
0 42
0 50
0 66
0 75
0 78
0 97
1 4
1 16
1 39
1 50
1 54
1 67
1 81
1 90
2 1
2 31
2 36
2 61
3 39
3 44
3 58
3 61
3 71
3 72
3 87
4 98
5 16
5 24
5 29
5 48
5 51
5 55
5 66
5 83
5 97
6 3
6 13
6 19
6 36
6 45
6 63
6 70
6 79
7 32
7 78
7 94
8 0
8 25
8 58
8 82
8 90
9 9
9 13
9 28
9 38
9 41
9 54
9 58
9 75
9 79
9 99
10 3
10 6
10 36
10 48
10 70
10 86
11 33
12 12
12 20
12 23
12 41
12 53
12 58
12 67
13 5
13 17
13 30
13 77
13 90
13 96
13 99
14 8
14 34
14 35
14 70
14 84
15 1
15 25
15 26
15 34
15 36
15 51
15 66
15 74
16 28
16 41
16 42
16 59
16 81
16 90
17 8
17 14
17 20
17 26
17 29
17 62
17 71
17 97
18 0
18 4
18 38
18 51
18 74
19 47
19 55
19 65
19 75
19 77
19 85
19 89
20 51
20 68
20 81
20 99
21 3
21 11
21 30
21 94
22 15
22 35
22 44
22 62
22 84
23 50
23 89
24 5
24 26
24 41
24 57
24 70
24 76
24 80
24 92
25 0
25 1
25 8
25 9
25 12
25 23
25 30
25 41
25 42
25 46
25 53
25 54
25 60
25 62
25 97
26 38
27 16
27 65
27 73
27 76
27 89
28 6
28 22
28 26
28 29
28 33
28 55
28 84
28 96
29 0
29 37
29 59
29 62
29 68
30 13
30 41
30 49
30 52
30 75
31 27
31 44
31 72
31 82
31 90
32 4
32 7
32 56
32 69
32 85
32 96
33 16
33 19
33 35
33 48
33 60
33 97
34 12
34 23
34 79
34 85
34 86
34 87
35 41
35 45
35 51
35 64
35 94
36 32
36 37
36 54
36 58
36 70
36 91
37 0
37 3
37 15
37 18
37 21
37 38
37 60
37 74
37 87
37 97
38 6
38 28
38 65
39 12
39 34
39 43
39 51
39 57
39 62
39 71
39 84
40 3
40 31
40 39
40 77
40 96
41 6
41 9
41 28
41 60
41 65
41 68
41 81
41 87
42 42
42 43
42 46
42 93
43 14
43 22
43 25
43 29
43 41
43 53
43 57
43 73
44 7
44 17
44 41
44 76
44 85
44 98
45 11
45 50
45 65
45 89
46 30
46 61
46 72
46 82
46 94
47 6
47 21
47 27
48 24
48 36
48 49
48 64
48 69
48 75
48 76
49 12
49 18
49 33
49 42
49 45
49 61
49 79
49 85
49 90
49 95
50 29
50 37
50 55
50 59
51 0
51 7
51 21
51 48
51 66
51 69
51 72
52 15
52 51
52 77
53 41
53 62
53 74
53 82
53 90
53 93
54 19
54 48
54 55
54 72
54 97
55 3
55 12
55 23
55 26
55 30
55 73
55 74
56 9
56 35
56 60
56 64
56 78
57 40
57 53
57 99
58 2
58 12
58 43
58 49
58 73
58 91
59 37
59 56
59 69
59 79
59 94
60 60
60 76
60 83
61 9
61 12
61 38
61 41
61 44
61 52
61 56
61 87
62 5
62 19
62 24
62 30
62 33
62 48
62 70
62 96
63 0
63 54
63 63
63 66
63 75
63 78
63 90
64 13
64 21
65 9
65 34
65 38
65 73
66 1
66 6
66 17
66 28
66 37
66 42
66 48
66 78
66 79
66 84
67 13
67 25
67 73
67 94
67 98
68 34
68 55
68 60
68 63
68 89
69 0
69 3
69 8
69 18
69 22
69 29
69 37
69 44
69 63
70 47
70 74
71 32
71 41
71 65
71 83
71 88
71 93
72 25
72 39
72 53
72 56
72 62
72 98
73 0
73 2
73 15
73 21
73 29
73 45
73 56
73 57
73 68
73 77
74 6
74 34
74 41
74 85
75 10
75 37
75 57
75 90
76 3
76 16
76 21
76 42
76 53
76 63
76 72
76 93
76 98
77 28
77 40
77 66
77 68
77 84
77 87
77 97
78 80
78 90
79 0
79 3
79 23
79 31
79 35
79 38
79 43
79 53
79 77
79 94
80 9
80 26
80 36
80 43
80 70
80 84
81 18
81 37
81 38
81 46
81 66
81 89
82 14
82 34
82 37
82 41
82 49
82 59
82 97
83 4
83 11
83 31
83 45
83 54
83 62
83 75
84 4
84 7
84 85
84 99
85 1
85 20
85 26
85 91
86 10
86 15
86 23
86 42
86 46
86 57
86 60
86 68
86 88
86 95
87 52
87 71
87 81
88 3
88 19
88 27
88 34
88 84
89 30
89 39
89 43
89 49
89 60
89 62
89 65
89 87
90 0
90 8
90 16
90 23
90 56
90 74
90 81
91 11
91 39
91 68
91 69
91 72
91 80
91 98
92 27
92 34
92 36
92 47
92 81
92 82
92 88
92 96
92 97
93 14
93 23
93 30
93 50
93 60
93 81
93 93
93 99
94 10
94 65
94 72
94 99
95 2
95 17
95 33
95 37
95 46
95 47
95 87
95 96
96 22
96 37
96 46
96 97
97 9
97 25
97 43
97 58
97 61
97 66
97 87
98 2
98 12
98 33
98 35
98 71
98 78
98 85
99 19
99 29
99 37
99 38
99 48
99 51
99 94
