2.440905950486660023e-02 8.736720505344422461e-02
1.827220009654760211e-02 1.519794016917204059e-03
1.650552405327558592e-02 1.514901531582768827e-03
1.515156031697988473e-02 1.431390598618483608e-03
1.446477120459079696e-02 1.379872931348644126e-03
1.417922767072916056e-02 1.395462164729507470e-03
1.396416019707918087e-02 1.369687615764920681e-03
1.384035679280757984e-02 1.363435063147008103e-03
1.374241096466779707e-02 1.373840026468589777e-03
1.397504589259624536e-02 5.875807775360166081e-03
