0 18
0 98
2 30
2 92
5 40
5 55
5 85
6 63
8 69
8 76
9 46
10 20
10 31
12 8
13 14
14 71
14 94
15 1
15 53
17 86
18 63
20 44
21 18
21 33
23 70
24 7
24 50
25 1
27 90
30 12
30 59
31 2
31 30
32 84
33 50
33 92
35 39
35 78
37 21
38 58
39 2
39 9
39 66
39 96
42 42
44 28
45 15
47 50
47 56
47 69
49 38
50 81
51 94
53 28
54 9
54 51
54 58
55 43
57 96
58 66
63 6
63 46
63 98
64 20
65 34
65 58
66 70
68 90
70 77
71 13
72 28
72 53
72 71
73 39
74 90
78 7
78 15
79 61
80 86
82 68
83 22
83 76
84 9
84 33
85 2
85 41
85 49
85 94
88 57
89 65
90 11
90 31
91 71
91 84
92 98
95 58
96 27
96 44
97 69
98 82
