0 4
0 6
0 14
0 25
0 42
0 46
0 52
0 62
0 74
0 92
1 19
1 48
1 54
1 59
1 68
1 71
1 79
1 85
1 94
2 2
2 5
2 23
2 29
2 32
2 44
2 61
2 63
2 90
3 10
3 34
3 41
3 52
3 65
3 74
3 77
4 5
4 7
4 13
4 20
4 24
4 56
4 80
5 1
5 27
5 30
5 33
5 52
5 72
5 86
6 3
6 18
6 36
6 39
6 48
6 80
6 90
7 0
7 43
7 64
7 71
7 75
7 84
8 3
8 8
8 13
8 21
8 31
8 38
8 49
8 53
8 57
8 59
8 78
8 87
8 89
8 94
9 34
9 65
9 99
10 10
10 14
10 24
10 26
10 94
11 37
11 39
11 51
11 70
11 73
11 76
11 90
11 98
12 4
12 11
12 16
12 19
12 54
12 58
12 61
12 94
13 13
13 22
13 27
13 35
13 41
13 71
13 74
13 97
14 24
14 32
14 37
14 46
14 50
14 56
14 77
14 87
15 3
15 14
15 17
15 21
15 64
15 94
15 99
16 6
16 11
16 31
16 43
16 60
16 67
16 73
16 75
17 22
17 40
17 49
17 95
18 1
18 14
18 19
18 35
18 51
18 57
18 64
18 68
18 86
18 89
19 27
19 38
19 48
19 61
19 82
20 5
20 11
20 15
20 33
20 57
20 66
20 74
20 79
21 45
22 25
22 29
22 55
22 58
22 61
22 67
22 74
22 89
22 93
23 1
23 6
23 15
23 21
23 43
23 48
23 81
23 86
24 3
24 8
24 11
24 18
24 31
24 33
24 98
25 14
25 28
25 41
25 51
25 53
25 65
25 68
25 77
25 79
25 83
25 93
26 1
26 4
26 30
26 37
26 46
26 58
26 98
27 42
27 77
27 88
28 9
28 23
28 33
28 58
28 60
28 63
28 84
28 93
29 55
29 66
29 75
29 87
30 8
30 11
30 19
30 24
30 32
30 44
30 61
30 89
30 95
31 14
31 21
31 27
31 40
31 56
31 78
31 81
31 84
31 92
32 1
32 46
32 89
33 4
33 12
33 34
33 37
33 40
33 50
33 58
33 60
34 19
34 26
34 30
34 54
34 63
34 67
34 74
34 82
35 4
35 8
35 46
35 90
35 92
35 99
36 19
36 26
36 49
36 51
36 55
36 60
36 66
36 83
37 16
37 29
37 63
38 0
38 4
38 12
38 22
38 24
38 31
38 39
38 41
38 86
39 8
39 28
39 35
39 45
39 63
39 80
40 24
40 48
40 55
40 76
40 91
41 0
41 14
41 21
41 37
41 51
41 64
41 68
41 79
41 94
42 3
42 10
42 27
42 30
42 56
42 88
43 15
43 37
43 39
43 50
43 60
43 63
43 69
43 77
44 7
44 24
44 44
44 46
44 74
45 4
45 13
45 18
45 35
45 52
45 61
45 78
45 85
45 94
46 41
46 54
46 57
46 72
46 88
46 99
47 9
47 16
47 20
47 22
47 28
47 48
47 65
47 80
48 12
48 25
48 37
48 62
48 82
49 16
49 28
49 49
49 79
49 88
49 96
50 2
50 4
50 20
50 41
50 61
50 67
50 69
50 75
50 91
50 99
51 30
51 36
51 51
51 63
52 6
52 11
52 39
52 55
52 59
52 65
52 81
52 93
52 98
53 17
53 33
53 44
53 77
54 6
54 23
54 35
54 38
54 53
54 62
54 68
54 71
54 88
55 26
55 47
55 49
56 20
56 23
56 30
56 38
56 79
56 85
56 91
56 96
57 4
57 6
57 16
57 27
57 33
57 42
57 44
57 55
57 58
57 73
57 93
58 18
58 24
58 52
58 67
58 84
59 47
59 55
59 59
60 5
60 8
60 14
60 23
60 28
60 32
60 63
60 66
60 91
61 1
61 34
61 43
61 45
62 4
62 16
62 39
62 48
62 50
62 61
63 1
63 19
63 23
63 41
63 65
63 67
63 75
63 80
63 87
64 13
64 43
64 47
64 90
64 93
64 96
65 1
65 4
65 15
65 36
65 49
65 58
65 63
65 66
65 70
65 75
65 82
65 86
66 9
66 27
66 30
66 40
66 52
66 54
66 60
66 94
67 12
67 17
67 47
67 62
67 90
68 1
68 9
68 19
68 31
68 44
68 59
68 65
68 97
69 16
69 35
69 38
69 54
69 67
69 73
69 76
69 79
69 84
69 94
70 13
70 45
70 99
71 2
71 9
71 16
71 18
71 41
71 56
71 62
71 66
71 69
71 80
71 85
72 33
72 43
72 50
72 59
72 94
72 98
73 17
73 19
73 23
73 38
73 70
73 75
73 79
73 81
73 83
74 41
74 48
74 53
74 61
74 66
74 95
75 1
75 10
75 19
75 22
75 28
75 72
75 86
76 41
76 48
76 77
76 90
77 13
77 17
77 33
77 38
77 45
77 56
77 59
77 63
77 67
77 82
78 1
78 10
78 22
78 26
78 30
78 50
78 71
78 74
78 92
78 96
79 5
79 14
79 16
79 19
79 36
79 40
79 47
80 25
80 67
80 81
80 85
80 90
81 0
81 45
81 53
81 74
81 77
82 37
82 60
82 65
82 69
82 94
83 0
83 4
83 8
83 12
83 15
83 21
83 34
83 41
83 57
83 82
84 26
84 48
84 66
84 88
85 5
85 9
85 50
85 74
85 78
85 92
85 98
86 11
86 16
86 28
86 45
86 53
86 61
87 21
87 31
87 34
87 71
88 40
88 43
88 53
88 56
88 86
88 95
89 26
89 30
89 78
90 4
90 9
90 14
90 22
90 40
90 51
90 59
90 64
90 66
90 74
90 87
90 93
90 99
91 37
91 44
91 48
91 55
91 77
91 81
91 95
92 0
92 18
92 31
92 68
92 70
92 72
92 84
93 5
93 9
93 14
93 35
93 40
93 49
93 56
93 62
93 65
93 93
93 95
94 21
94 25
94 45
94 73
94 75
94 87
94 98
95 2
95 27
95 50
95 68
95 78
95 84
95 90
95 92
96 9
96 35
96 37
96 43
96 55
96 63
96 72
96 86
96 97
97 4
97 40
97 46
97 57
97 59
97 75
97 78
97 91
98 0
98 30
98 65
98 83
99 10
99 36
99 76
