0 1
0 3
0 18
0 24
0 30
0 38
0 52
0 55
0 70
0 75
0 81
0 93
0 96
1 27
1 45
1 59
1 63
2 3
2 16
2 30
2 34
2 41
2 50
2 65
2 68
3 20
3 36
3 44
3 54
3 57
3 73
4 3
4 11
4 70
4 81
4 93
5 16
5 31
5 40
5 50
5 60
5 76
5 84
5 88
5 96
6 4
6 19
6 25
6 33
6 37
6 45
6 55
6 63
6 65
6 73
6 93
7 6
7 41
7 48
7 57
7 70
7 81
7 90
7 96
8 11
8 13
8 16
8 26
9 32
9 37
9 47
9 51
9 57
9 64
9 69
9 85
10 0
10 18
10 20
10 75
10 78
10 80
10 87
11 27
11 46
11 52
11 55
11 61
11 83
12 8
12 12
12 34
12 76
12 86
12 95
13 14
13 18
13 22
13 37
13 45
13 49
13 62
13 67
13 70
13 82
14 24
14 57
14 85
14 91
14 94
14 99
15 1
15 3
15 16
15 28
15 31
15 35
15 44
15 53
15 77
16 6
16 18
16 25
16 41
16 48
16 62
16 68
16 72
16 80
17 9
17 14
17 55
17 65
17 86
18 18
18 37
18 41
18 58
18 70
18 75
18 82
18 89
18 96
19 0
19 20
19 48
19 61
19 79
19 91
20 3
20 29
20 36
20 38
20 44
20 51
20 70
20 82
20 86
20 96
21 17
21 24
21 32
21 63
21 66
21 74
22 9
22 26
22 56
22 81
22 89
23 15
23 24
23 31
23 34
23 41
23 47
23 76
23 86
23 94
23 97
24 7
24 38
24 50
24 79
25 0
25 13
25 21
25 30
25 44
25 54
25 58
25 62
25 66
25 83
25 92
26 6
26 24
26 32
26 41
26 95
27 14
27 28
27 37
27 45
27 75
27 92
28 3
28 62
28 64
28 68
29 9
29 14
29 21
29 42
29 54
29 81
29 85
30 24
30 30
30 37
30 59
30 63
30 88
30 98
31 2
31 19
31 26
31 44
31 50
31 94
32 39
32 52
32 66
32 83
32 85
32 90
33 4
33 9
33 20
33 29
33 32
33 36
33 42
33 47
33 55
33 70
33 76
33 95
34 50
34 72
34 92
34 98
35 8
35 25
35 37
35 59
35 68
35 78
35 83
36 12
36 18
36 21
36 32
36 50
36 55
36 87
36 89
36 93
36 98
37 43
37 62
37 76
38 4
38 7
38 15
38 26
38 31
38 37
38 58
39 0
39 9
39 22
39 34
39 66
39 78
39 81
39 88
39 96
40 49
40 62
40 71
41 1
41 4
41 7
41 11
41 38
41 65
41 80
41 94
42 30
42 42
42 47
42 54
42 58
42 60
42 62
42 74
42 77
43 69
43 84
44 17
44 21
44 24
44 27
44 30
44 40
44 43
44 46
44 72
44 97
45 0
45 9
45 37
45 61
45 87
45 89
46 17
46 51
47 3
47 12
47 43
47 45
47 48
47 56
47 63
47 65
47 68
47 73
47 94
48 5
48 7
48 15
48 23
48 28
48 82
48 91
48 99
49 2
49 17
49 32
49 34
49 38
49 46
49 54
49 58
49 61
49 69
49 85
50 8
50 21
50 24
50 42
50 65
50 81
50 90
51 2
51 12
51 56
51 75
51 94
52 14
52 43
52 53
52 67
52 72
52 83
53 6
53 16
53 25
53 28
53 40
53 57
53 59
54 9
54 11
54 48
54 50
54 62
54 72
54 78
54 88
54 93
55 3
55 22
55 29
55 35
55 41
55 54
55 66
55 74
56 8
56 16
56 19
56 43
56 59
56 62
56 79
56 86
56 99
57 31
57 39
57 70
57 75
57 96
58 9
58 22
58 41
58 51
58 55
58 66
58 85
58 90
59 13
59 25
59 34
59 93
60 16
60 27
60 31
60 43
60 47
60 49
60 56
60 64
60 83
60 87
60 95
60 98
61 2
61 20
61 53
61 67
61 70
62 9
62 16
62 32
62 45
62 62
62 76
62 81
62 86
62 94
63 4
63 6
63 11
63 35
63 51
63 57
63 66
64 8
64 22
64 46
64 68
64 70
64 80
64 99
65 27
65 33
65 43
65 52
65 83
65 90
66 5
66 17
66 20
66 40
66 67
66 85
66 94
67 36
67 47
67 89
67 97
68 1
68 9
68 28
68 32
68 40
68 52
68 71
68 77
68 83
68 85
69 14
69 17
69 34
69 48
69 73
69 79
69 88
69 95
70 3
70 62
70 65
70 75
71 13
71 34
71 44
71 67
71 71
72 5
72 23
72 30
72 46
72 53
72 59
72 77
72 83
72 87
72 90
72 96
73 9
73 13
73 19
73 39
73 42
73 48
73 99
74 21
74 29
74 34
74 62
74 73
74 81
75 3
75 10
75 14
75 18
75 48
75 69
75 76
76 39
76 53
76 78
76 88
77 4
77 7
77 15
77 23
77 27
77 35
77 46
77 55
77 66
77 92
78 10
78 29
78 32
78 38
78 49
78 51
78 83
78 86
78 94
79 0
79 18
79 21
79 40
79 46
79 61
79 65
79 69
79 73
80 5
80 33
80 58
80 75
80 85
80 89
81 1
81 16
81 18
81 36
81 44
81 47
81 53
81 60
81 66
81 94
82 31
82 68
82 73
83 4
83 8
83 22
83 28
83 76
83 97
84 62
84 86
85 3
85 20
85 29
85 33
85 39
85 41
85 46
85 49
85 58
85 65
85 69
85 74
85 80
85 91
85 94
86 0
86 5
86 9
86 14
86 22
86 43
87 25
87 36
87 52
87 72
87 76
88 13
88 57
88 93
88 96
89 8
89 10
89 16
89 18
89 28
89 32
89 38
89 52
89 65
89 69
89 86
89 89
90 23
90 54
90 59
90 92
91 13
91 17
91 45
91 48
91 51
91 71
91 84
91 88
91 98
92 20
92 39
92 73
93 8
93 24
93 26
93 35
93 43
93 68
94 2
94 31
94 92
94 97
95 16
95 51
95 54
95 58
95 82
95 88
95 99
96 7
96 18
96 27
96 47
96 63
96 71
96 84
97 41
97 50
97 68
97 74
97 77
98 7
98 13
98 32
98 44
98 61
98 65
99 9
99 20
99 34
99 67
99 72
99 85
99 90
