0 1
0 5
0 11
0 18
0 24
0 38
0 49
0 52
0 55
0 73
0 76
0 81
0 84
0 91
1 28
1 45
1 59
1 63
1 66
1 94
1 98
2 15
2 34
2 41
2 69
3 4
3 31
3 54
3 73
4 9
4 37
4 57
4 81
4 93
5 16
5 28
5 40
5 50
5 76
5 84
5 88
5 96
5 99
6 19
6 25
6 33
6 45
6 60
6 63
6 66
7 4
7 70
7 73
7 80
8 12
8 16
8 55
8 90
9 9
9 23
9 35
9 40
9 51
9 65
9 85
9 93
10 0
10 4
10 20
10 26
10 30
10 43
10 46
10 75
10 78
10 82
11 55
11 61
11 89
12 8
12 12
12 15
12 34
12 51
12 58
12 86
12 95
13 18
13 22
13 37
13 45
13 64
13 67
13 70
13 76
13 79
14 99
15 1
15 28
15 31
15 53
15 89
15 92
16 6
16 11
16 18
16 25
16 35
16 41
16 48
16 62
16 72
16 83
17 14
17 69
17 76
17 80
17 86
18 22
18 32
18 54
18 58
18 66
18 89
18 92
18 96
19 0
19 8
19 19
19 48
19 61
20 4
20 12
20 16
20 29
20 36
20 40
20 44
20 77
20 82
20 86
21 24
21 32
21 55
21 65
21 68
21 74
21 93
22 0
22 9
22 89
23 6
23 16
23 20
23 47
23 62
23 71
23 86
23 97
24 30
24 38
24 44
24 50
24 65
24 74
24 79
25 13
25 54
25 58
25 83
25 92
26 4
26 22
27 1
27 7
27 10
27 25
27 28
27 67
27 72
27 75
28 18
28 64
28 92
29 14
29 21
29 39
29 42
29 54
29 81
29 85
30 30
30 36
30 59
30 72
30 75
30 88
30 98
31 2
31 18
31 46
31 50
31 94
32 12
32 22
32 43
32 66
32 85
32 91
33 9
33 29
33 32
33 55
33 70
33 76
33 79
34 5
34 50
34 94
34 98
35 25
35 37
35 41
35 59
35 73
35 84
35 90
36 9
36 12
36 18
36 21
36 29
36 32
36 47
36 55
36 65
36 87
37 4
37 62
37 70
37 76
38 15
38 26
38 51
38 58
38 84
39 9
39 22
39 30
39 34
39 41
39 48
39 55
39 66
39 81
39 90
39 96
40 78
41 4
41 38
41 51
41 69
41 84
42 0
42 8
42 20
42 25
42 30
42 34
42 42
42 47
42 54
42 58
42 62
42 74
42 88
42 92
43 12
43 96
44 3
44 17
44 81
45 0
45 9
45 25
45 35
45 61
45 65
45 75
45 87
46 28
46 71
47 3
47 12
47 16
47 43
47 48
47 56
47 68
47 78
47 82
47 94
48 7
48 23
49 20
49 32
49 38
49 61
49 85
49 90
50 2
50 15
50 44
50 64
50 68
50 81
51 12
51 50
51 56
51 75
51 78
51 94
52 20
52 24
52 37
52 72
53 6
53 16
53 28
53 31
53 40
53 82
53 85
54 0
54 9
54 48
54 51
54 58
54 62
54 78
54 88
54 93
55 3
55 13
55 22
55 35
55 74
56 26
56 30
56 43
57 7
57 10
57 16
57 39
57 60
57 70
57 79
57 96
58 4
58 21
58 51
58 55
58 66
58 73
58 76
58 85
59 13
59 25
59 34
59 82
59 93
60 16
60 28
60 40
60 47
60 89
60 97
61 2
61 22
61 31
61 43
61 53
62 9
62 62
62 73
62 78
62 81
62 86
62 94
63 6
63 35
63 47
63 57
63 66
63 69
64 2
64 12
64 17
64 22
64 29
64 43
64 52
64 99
65 38
65 60
65 76
65 83
65 90
66 5
66 34
66 55
66 63
66 68
67 12
67 15
67 18
67 23
67 87
67 94
68 1
68 9
68 40
68 45
68 52
68 71
68 83
68 90
69 31
69 34
69 57
69 75
69 79
69 97
70 6
70 16
70 19
70 27
70 37
70 48
70 62
70 65
71 13
71 22
71 44
71 86
72 30
72 34
72 53
72 74
72 78
72 83
72 90
72 96
73 7
73 19
73 39
73 48
73 57
73 67
73 99
74 23
74 62
75 3
75 10
75 14
75 71
75 81
75 86
76 18
76 39
76 44
76 49
76 53
76 59
77 7
77 22
77 27
77 35
77 66
77 92
78 10
78 15
78 32
78 72
78 83
78 86
79 0
79 61
79 69
79 76
79 79
79 89
79 96
80 5
80 22
80 27
80 58
81 11
81 16
81 36
81 40
81 44
81 54
81 66
81 84
82 31
82 51
82 73
82 95
82 98
83 4
83 8
83 22
83 57
83 76
84 19
84 28
84 62
84 86
85 0
85 33
85 36
85 39
85 49
85 69
85 80
85 94
85 97
86 3
86 14
86 43
86 56
86 65
86 74
86 83
87 8
87 25
87 52
87 59
87 62
88 21
88 28
88 36
88 77
88 93
88 96
89 2
89 16
89 39
89 56
89 65
89 69
89 73
89 86
89 89
90 31
90 52
90 59
91 5
91 19
91 27
91 48
91 80
91 98
92 39
92 56
92 73
92 86
93 8
93 15
93 24
93 35
93 43
93 62
93 68
93 91
94 2
94 31
94 79
94 94
94 97
95 46
95 51
95 58
95 82
95 88
96 7
96 13
96 18
96 27
96 54
96 63
96 71
97 23
97 41
97 68
97 74
97 77
98 32
98 95
