0 1
0 3
0 18
0 24
0 38
0 55
0 78
1 28
1 45
1 47
1 59
1 91
2 3
2 16
2 30
2 34
2 41
2 50
2 65
3 54
3 57
3 73
4 29
4 37
5 3
5 13
5 16
5 40
5 50
5 53
5 59
5 76
5 78
5 81
5 84
5 88
5 96
6 19
6 33
6 37
6 45
6 63
6 65
6 93
7 30
7 41
7 48
7 70
7 77
7 90
8 16
8 53
9 9
9 65
10 0
10 18
10 20
10 31
10 46
10 75
10 78
10 82
10 87
11 48
11 61
12 3
12 8
12 12
12 51
12 89
12 95
13 14
13 18
13 22
13 32
13 37
13 67
13 70
13 86
13 91
14 24
14 82
14 94
14 99
15 1
15 28
15 35
15 53
15 89
16 6
16 18
16 41
16 48
16 62
17 14
17 53
17 80
17 86
18 82
18 89
18 96
19 0
19 19
19 48
19 52
19 56
19 61
20 29
20 36
20 38
20 44
20 71
20 86
20 93
21 4
21 24
21 33
21 68
22 9
22 15
22 19
22 56
22 65
22 81
22 89
23 34
23 67
23 97
24 7
24 19
24 30
24 38
24 48
24 50
24 74
24 79
25 13
25 54
25 83
25 88
25 92
26 4
26 22
26 32
26 41
27 14
27 28
27 75
27 89
27 93
28 64
29 21
29 42
29 54
29 81
29 85
30 12
30 30
30 59
30 88
31 2
31 19
31 44
31 50
31 62
32 52
32 66
33 4
33 9
33 14
33 29
33 32
33 42
33 47
33 70
33 76
33 86
33 90
33 95
34 50
34 98
35 0
35 25
35 37
35 59
35 62
35 78
35 84
36 6
36 12
36 18
36 21
36 32
36 55
36 70
36 87
37 37
37 63
38 26
38 46
38 58
39 9
39 14
39 22
39 34
39 66
39 81
39 96
40 49
40 83
41 4
41 7
41 11
41 21
41 69
42 42
42 47
42 54
42 58
42 60
42 62
42 74
42 92
44 17
44 22
44 40
44 46
44 53
44 80
45 0
45 9
45 61
45 87
46 17
47 3
47 12
47 43
47 45
47 48
47 56
47 68
48 7
48 23
49 2
49 32
49 38
49 46
49 54
49 58
49 61
49 69
50 74
50 78
50 81
50 83
51 2
51 12
51 19
51 34
51 56
51 94
52 14
52 43
52 64
52 72
52 83
53 28
53 40
54 9
54 16
54 48
54 50
54 58
54 62
54 72
54 78
54 89
54 93
55 3
55 22
55 29
55 41
55 74
56 8
56 63
56 86
56 89
57 39
57 70
57 79
57 96
58 6
58 46
58 51
58 55
58 66
58 73
58 85
59 9
59 13
59 25
60 16
60 21
60 34
60 37
60 47
60 64
60 67
60 71
60 83
60 95
61 2
61 39
61 53
62 9
62 13
62 62
62 83
62 86
62 94
63 4
63 6
63 35
63 43
63 57
63 66
63 79
64 16
64 45
64 52
64 68
64 99
65 2
65 20
65 34
65 83
65 90
66 5
66 42
66 50
66 85
67 15
67 18
67 36
67 89
67 94
68 1
68 3
68 40
68 45
68 52
68 71
69 18
69 31
69 34
69 73
69 81
69 85
69 88
70 65
71 13
71 34
71 44
71 69
71 72
71 92
72 31
72 46
72 53
72 96
73 13
73 33
73 39
73 42
73 48
73 82
73 99
74 21
74 25
75 3
75 10
75 14
75 18
75 48
76 39
76 41
76 53
76 72
77 4
77 7
77 15
77 27
77 35
77 66
77 92
78 21
78 32
78 44
78 49
78 51
78 83
78 86
78 94
79 0
79 61
79 69
80 5
80 16
80 58
80 71
80 78
80 85
81 1
81 44
81 54
81 66
82 25
82 31
82 51
82 68
82 73
83 4
83 22
83 76
83 82
84 53
84 62
84 86
85 3
85 33
85 39
85 41
85 49
85 69
85 90
85 94
86 14
86 43
86 56
86 74
86 80
87 25
87 52
87 62
88 13
88 57
88 93
88 96
89 16
89 18
89 52
89 61
89 65
89 69
89 80
89 86
89 89
90 31
90 42
91 17
91 48
91 71
91 84
91 88
91 98
92 39
93 8
93 24
93 35
93 43
94 2
94 10
94 31
94 78
94 97
95 51
95 58
95 82
95 88
96 7
96 18
96 27
96 63
96 71
97 41
97 68
97 77
98 7
98 13
98 32
98 61
98 65
98 72
98 82
98 95
99 20
99 34
99 52
99 67
99 87
