0 7
0 25
0 46
0 52
0 74
0 92
1 19
1 48
1 59
1 79
1 89
2 5
2 23
2 32
2 61
3 10
3 27
3 34
3 52
3 74
3 77
4 6
4 45
4 80
4 86
5 27
5 31
5 52
5 73
6 3
6 11
6 18
6 36
6 39
6 48
6 80
6 87
6 90
7 0
7 44
7 56
7 64
7 71
7 75
7 84
8 8
8 31
8 53
8 59
8 91
8 94
10 14
10 94
11 37
11 90
11 98
12 16
12 19
12 43
12 61
12 68
13 4
13 10
13 13
13 22
13 35
13 71
13 97
14 28
14 32
14 46
14 50
14 56
14 77
14 87
15 21
15 64
15 99
16 16
16 42
16 60
17 4
17 6
17 28
17 49
18 1
18 8
18 14
18 19
18 23
18 51
18 57
18 64
18 68
19 61
19 82
19 87
20 15
20 33
20 48
20 57
20 66
20 74
21 9
21 76
22 29
22 32
22 89
22 93
23 1
23 6
23 43
23 53
23 81
23 86
24 3
24 8
24 11
24 18
24 89
24 98
25 14
25 28
25 41
25 51
25 65
25 67
25 70
25 77
25 79
25 93
26 4
26 37
26 58
26 60
26 98
27 77
27 88
28 30
28 33
28 42
28 58
28 63
28 84
28 93
29 7
29 15
29 23
29 55
29 87
30 11
30 19
30 89
30 96
31 45
31 56
31 59
31 81
31 84
31 93
32 1
32 40
32 77
33 34
33 37
33 50
33 58
33 60
34 19
34 26
34 54
34 63
34 68
34 82
35 4
35 46
35 90
35 96
35 99
36 26
36 33
36 49
36 55
36 60
36 83
37 16
37 29
37 63
37 77
38 0
38 12
38 24
38 86
39 8
39 28
39 35
39 45
39 80
40 24
40 48
40 55
40 76
41 15
41 37
41 45
41 51
41 64
41 94
42 2
42 19
42 23
42 30
42 56
42 67
43 15
43 37
43 60
43 77
43 86
43 92
44 1
44 7
44 41
44 44
44 46
44 74
45 13
45 18
45 52
45 79
45 85
46 93
47 9
47 16
47 20
47 28
47 45
47 48
48 5
48 12
48 25
48 52
48 62
48 82
49 16
49 28
49 34
49 47
49 88
49 91
49 96
50 20
50 43
50 61
50 67
50 69
50 75
50 85
50 99
51 51
51 56
51 80
52 23
52 39
52 45
52 59
52 93
52 96
53 9
53 17
53 33
53 53
54 35
54 68
54 71
54 79
54 88
54 94
55 15
55 26
55 49
55 51
55 81
56 20
56 23
56 30
56 38
56 85
56 89
57 6
57 42
57 58
57 73
57 77
58 3
58 24
58 52
58 67
58 85
59 47
59 59
59 69
59 79
60 8
60 14
60 32
60 63
60 66
60 76
60 94
61 1
61 21
61 27
61 34
61 45
61 70
61 83
62 16
62 39
62 50
62 61
63 65
63 75
63 80
63 87
64 21
64 39
64 47
64 93
65 15
65 49
65 58
65 63
65 66
65 70
65 74
65 82
65 86
65 97
65 99
66 3
66 9
66 35
66 52
66 60
66 94
67 12
67 17
67 62
67 69
68 19
68 23
68 34
68 44
68 91
69 38
69 62
69 67
69 84
69 93
70 13
70 45
70 58
70 87
71 2
71 9
71 16
71 18
71 26
71 41
71 48
71 66
71 69
72 5
72 33
72 79
72 94
73 17
73 38
73 43
73 70
73 81
73 83
73 88
74 48
74 53
74 66
74 95
75 1
75 10
75 28
75 86
76 41
76 90
76 95
77 33
77 38
77 45
77 59
77 63
77 67
77 81
78 1
78 10
78 22
78 26
78 50
78 74
79 5
79 36
79 47
79 57
79 89
80 15
80 38
80 67
80 81
80 85
81 23
81 45
81 74
81 77
82 62
82 65
82 84
82 94
83 0
83 4
83 8
83 12
83 31
83 34
83 41
83 57
84 14
84 83
84 89
85 5
85 9
85 18
85 21
85 55
85 78
85 86
85 92
86 61
87 0
87 31
87 45
87 71
88 52
88 56
88 86
89 30
89 78
90 0
90 4
90 32
90 59
90 64
90 74
90 87
90 93
91 15
91 44
91 49
91 53
92 11
92 18
92 68
92 72
92 75
92 84
93 49
94 25
94 45
94 56
94 59
94 75
94 87
94 98
95 27
95 71
95 78
95 90
96 35
97 17
97 24
97 54
97 57
97 59
97 75
97 78
97 95
98 30
99 4
99 10
99 36
99 71
99 97
