0 46
0 52
0 81
0 92
1 16
1 38
1 59
1 66
2 5
2 23
3 74
4 28
5 52
6 0
6 18
6 36
6 68
7 84
8 8
8 43
8 59
8 73
8 94
9 27
12 1
12 68
13 10
13 83
14 22
14 32
14 38
14 77
14 83
14 90
15 45
15 55
16 60
17 4
17 27
17 95
18 9
18 68
19 82
19 87
20 15
20 22
20 33
20 40
20 47
20 74
21 61
22 1
22 93
23 7
23 53
24 82
25 43
25 77
26 16
26 28
26 37
26 63
27 0
27 71
27 95
28 51
28 58
29 23
30 7
30 89
31 81
32 1
32 46
33 12
33 40
33 73
34 19
34 26
34 34
34 54
34 68
35 90
36 6
37 63
37 83
38 0
38 6
39 28
40 48
40 76
41 15
41 22
41 37
41 42
41 92
42 54
42 67
42 81
44 0
44 7
46 32
46 40
47 48
48 20
48 25
48 82
49 7
49 13
49 88
50 69
50 76
51 1
51 34
51 61
52 39
53 44
53 53
54 94
55 16
56 24
56 30
56 85
57 74
58 41
58 52
58 58
59 2
59 7
59 47
59 69
59 92
60 63
61 23
62 35
63 55
63 87
64 50
64 72
64 80
64 93
65 63
66 3
67 12
67 35
68 44
69 29
69 84
70 73
71 2
71 18
71 66
72 79
72 94
73 43
74 53
74 58
75 28
76 2
77 17
77 63
77 68
77 75
77 90
78 10
78 35
78 48
79 22
80 53
80 85
80 97
81 30
83 4
83 12
83 17
83 40
84 24
84 72
85 60
85 78
85 93
86 53
87 31
87 65
88 87
89 17
90 4
90 23
90 74
90 99
91 49
92 61
92 79
93 9
93 36
93 68
94 92
95 30
95 44
95 74
95 87
