0 46
0 52
0 92
0 99
1 59
1 79
2 5
2 23
2 32
2 38
3 20
3 27
3 74
4 11
4 80
5 52
6 3
6 18
6 21
6 36
6 39
6 48
6 97
7 12
7 64
7 71
7 75
7 78
7 84
8 8
8 31
8 53
8 59
8 94
9 5
9 50
10 14
11 1
11 37
11 98
12 68
13 10
13 13
13 41
13 71
14 22
14 32
14 46
14 50
14 56
14 77
14 93
15 64
16 60
16 96
16 99
17 4
17 40
17 49
18 1
18 19
18 23
18 64
18 68
19 82
19 87
20 15
20 33
20 48
20 60
20 74
20 79
21 45
22 29
22 93
23 1
23 7
23 53
23 81
23 86
23 97
24 11
24 18
25 14
25 28
25 65
26 4
26 37
26 98
27 88
28 30
28 50
28 58
28 63
28 81
29 14
29 23
29 92
30 11
30 19
30 89
30 96
31 45
31 56
31 59
31 81
32 1
32 23
33 14
33 34
33 37
33 40
33 50
34 19
34 26
34 54
34 68
34 82
35 46
35 90
35 99
36 22
36 49
37 16
37 29
37 63
37 82
37 95
38 0
38 12
38 86
39 4
39 33
40 48
40 76
41 15
41 22
41 37
41 64
41 94
42 67
43 10
43 51
44 7
44 36
44 44
44 60
44 97
45 18
45 30
45 66
45 79
46 12
46 53
46 63
47 48
48 25
48 82
49 13
49 16
49 28
49 88
49 96
50 2
50 20
50 69
50 76
51 42
51 51
51 62
52 39
52 59
52 93
53 9
53 33
54 17
54 68
55 49
56 23
56 30
56 33
56 85
57 6
57 36
57 58
57 74
57 77
58 0
58 52
58 67
58 90
59 47
60 14
60 63
60 74
61 20
62 35
63 16
63 51
63 87
63 98
64 39
64 47
64 80
64 93
65 8
65 63
65 66
66 3
66 75
66 84
67 12
67 52
67 87
68 19
68 30
68 44
69 61
69 84
70 89
71 2
71 18
71 66
71 69
72 34
72 39
72 79
72 94
73 43
73 76
74 53
74 66
74 70
75 10
75 28
75 86
76 5
76 90
77 33
77 48
77 63
77 68
78 10
78 22
78 39
78 74
78 98
79 36
80 67
80 85
81 60
81 76
81 81
82 94
83 0
83 4
83 8
83 12
83 66
84 36
84 45
85 78
85 86
85 93
86 6
86 49
86 53
87 31
87 62
88 56
88 87
89 78
90 4
90 74
90 93
90 99
91 49
92 29
92 68
92 84
93 9
93 21
94 45
94 75
94 87
94 98
95 39
95 71
95 78
95 90
96 5
96 35
97 54
97 59
97 95
98 49
98 75
98 83
99 10
99 36
