0 8
0 18
0 23
0 42
0 89
1 60
1 79
2 3
2 30
2 65
3 54
3 73
4 37
5 19
5 96
6 8
6 13
6 45
6 59
6 82
6 89
8 74
9 51
9 69
10 0
10 18
10 24
10 31
11 46
11 58
11 79
12 8
12 95
14 71
15 1
15 28
15 53
16 18
16 23
16 48
16 62
17 8
17 77
17 86
20 29
20 38
21 2
22 56
22 64
22 74
22 81
22 89
23 97
24 7
24 50
25 13
25 32
26 22
26 41
27 36
27 75
27 81
28 64
29 54
29 97
30 12
30 30
30 59
30 88
31 2
31 19
31 45
32 38
33 69
34 50
35 25
35 78
35 84
36 1
36 12
36 18
36 32
38 58
39 50
39 66
39 96
40 27
41 4
41 11
41 90
42 42
43 32
44 81
45 26
45 49
45 62
45 96
46 17
47 12
47 56
47 69
48 88
49 32
49 38
50 22
50 81
51 2
51 94
52 43
53 13
53 53
54 29
54 48
54 58
55 18
56 3
56 8
56 89
57 23
57 39
57 96
58 66
58 74
59 80
60 54
61 89
62 0
62 24
63 6
63 11
63 67
64 77
65 34
65 52
66 42
67 29
67 98
68 5
68 24
68 71
68 90
69 76
69 81
71 13
71 44
72 53
73 39
73 63
74 20
74 69
75 3
75 33
75 84
75 91
77 27
78 8
78 15
78 51
79 61
79 69
80 37
80 86
80 97
82 27
83 22
83 32
83 55
83 76
84 14
84 65
85 41
85 49
85 94
86 82
88 3
88 57
89 10
89 16
89 36
89 65
89 89
90 31
90 46
90 52
91 71
91 84
92 98
93 24
93 78
94 2
94 12
94 36
95 52
95 58
96 63
96 87
97 31
97 69
97 94
99 13
