0 1
0 6
0 13
0 25
0 35
0 39
0 42
0 46
0 52
0 74
0 92
0 97
1 19
1 56
1 59
1 64
1 70
1 79
1 82
1 85
2 16
2 32
2 49
2 89
3 10
3 13
3 27
3 45
3 52
3 67
3 74
3 93
4 20
4 56
4 59
4 64
4 80
4 84
5 1
5 4
5 16
5 24
6 36
6 39
6 48
6 68
6 90
7 19
7 44
7 64
7 71
7 75
7 78
7 84
7 98
8 8
8 13
8 16
8 23
8 26
8 31
8 53
8 59
8 94
9 0
9 56
10 42
10 77
11 37
11 46
11 49
11 84
11 90
11 95
12 0
12 5
12 8
12 11
12 16
12 19
12 54
12 57
12 61
12 64
12 68
13 22
13 26
13 41
13 71
13 81
14 32
14 38
14 46
14 50
14 77
14 84
14 87
14 95
15 17
15 55
15 64
15 68
15 99
16 60
17 4
17 8
17 40
17 45
17 49
17 74
17 92
17 95
18 1
18 14
18 19
18 23
18 57
18 64
18 68
19 28
19 61
19 82
19 87
20 7
20 11
20 33
20 38
20 41
20 45
20 48
20 74
20 77
21 57
21 96
22 29
22 61
22 64
22 89
22 93
23 1
23 6
23 15
23 21
23 32
23 43
23 53
23 81
23 86
24 11
24 18
24 48
24 98
25 28
25 61
25 65
25 68
25 77
25 93
26 4
26 37
26 42
26 54
26 58
26 73
27 48
27 88
28 0
28 10
28 16
28 23
28 30
28 33
28 63
28 69
28 84
28 93
29 4
29 7
29 13
29 27
29 39
29 42
29 55
29 59
29 76
30 19
30 48
30 89
31 45
31 66
31 81
31 84
32 1
32 7
32 12
32 40
33 4
33 34
33 37
33 50
33 58
33 94
34 19
34 26
34 29
34 54
34 63
34 68
34 82
34 86
35 12
35 43
35 46
35 75
35 90
35 99
36 9
36 34
36 40
36 49
36 60
37 16
37 29
37 63
37 67
37 72
37 83
38 0
38 4
38 12
38 19
38 22
38 86
38 93
38 97
39 8
39 35
39 45
39 80
39 89
40 27
40 48
40 55
40 76
41 15
41 22
41 42
41 51
41 64
41 68
41 71
41 94
42 30
42 33
43 4
43 27
43 37
43 57
43 60
43 77
43 86
43 89
43 98
44 0
44 7
44 14
44 24
44 44
44 49
44 66
44 74
45 18
45 52
45 94
46 41
46 57
46 69
46 86
47 4
47 9
47 28
47 33
47 48
47 65
47 76
47 81
48 1
48 12
48 15
48 25
48 37
48 51
48 62
48 72
49 56
49 88
49 92
49 96
50 6
50 9
50 20
50 67
50 75
51 1
51 14
51 30
51 46
51 51
51 62
51 82
52 24
52 39
52 55
52 59
52 93
53 4
53 9
53 17
53 20
53 33
53 77
54 42
54 63
54 68
54 71
54 88
55 1
55 26
55 47
55 51
55 81
56 17
56 20
56 23
56 30
56 38
56 85
56 93
56 96
57 4
57 7
57 11
57 42
57 58
57 73
57 77
58 1
58 52
58 67
59 28
59 47
59 85
60 5
60 8
60 14
60 19
60 25
60 32
60 63
60 72
60 88
60 93
61 11
61 43
61 57
61 96
62 0
62 35
62 39
62 48
62 69
63 19
63 23
63 27
63 30
63 51
63 65
63 75
63 80
63 84
63 87
64 13
64 90
64 93
64 96
65 5
65 36
65 40
65 58
65 70
66 2
66 9
66 26
66 30
66 52
66 62
66 80
66 83
67 12
67 17
67 47
67 89
68 22
68 33
68 41
68 44
68 70
68 73
68 97
69 27
69 38
69 50
69 55
69 58
69 67
69 76
69 79
69 84
69 93
70 13
70 63
71 2
71 9
71 16
71 41
71 88
72 22
72 33
72 49
72 68
72 75
72 79
72 94
72 97
73 38
73 63
73 83
74 13
74 25
74 41
74 44
74 53
74 58
75 1
75 4
75 10
75 16
75 19
75 28
75 76
75 86
75 94
76 48
76 70
76 82
76 90
77 13
77 33
77 38
77 45
77 54
77 59
77 63
77 67
77 79
78 1
78 10
78 18
78 22
78 26
78 42
78 74
78 93
78 96
79 5
79 50
80 15
80 29
80 38
80 58
80 63
80 67
80 71
80 81
80 85
80 88
81 0
81 23
81 26
81 45
81 54
81 74
81 77
81 97
82 20
82 51
82 94
83 4
83 8
83 12
83 15
83 34
83 41
83 57
83 61
83 66
84 23
84 48
84 70
84 88
84 97
85 27
85 37
85 74
85 78
85 92
86 0
86 3
86 6
86 42
86 45
86 53
86 61
86 64
86 82
87 12
87 18
87 31
87 49
87 67
87 71
88 21
88 24
88 36
88 39
88 56
88 86
88 95
89 78
90 4
90 12
90 15
90 29
90 59
90 64
90 74
90 99
91 1
91 25
91 37
91 44
91 49
91 53
91 81
91 85
91 89
91 96
92 18
92 68
92 92
93 9
93 33
93 41
93 61
94 25
94 29
94 45
94 56
94 75
94 82
94 87
94 98
95 2
95 12
95 18
95 71
95 78
95 90
96 5
96 9
96 35
96 67
97 24
97 40
97 44
97 49
97 54
97 57
97 75
97 81
97 95
97 98
98 19
98 30
98 62
98 78
98 84
98 89
99 10
99 16
