0 4
0 6
0 14
0 25
0 27
0 33
0 38
0 46
0 52
0 62
0 74
0 91
0 94
0 96
1 0
1 19
1 42
1 48
1 55
1 59
1 68
1 71
1 79
1 85
2 5
2 23
2 32
2 50
2 61
2 63
2 75
2 87
2 90
3 7
3 10
3 12
3 17
3 20
3 27
3 34
3 39
3 46
3 52
3 65
3 77
3 82
3 97
4 1
4 56
4 67
4 94
5 8
5 14
5 20
5 27
5 29
5 52
5 58
5 70
5 72
5 86
5 97
6 3
6 32
6 36
6 39
6 43
6 48
6 67
6 80
6 90
7 0
7 26
7 61
7 64
7 71
7 75
7 77
7 84
8 4
8 8
8 13
8 16
8 21
8 23
8 31
8 37
8 41
8 43
8 49
8 53
8 57
8 67
8 79
8 86
8 90
8 94
8 96
9 1
10 3
10 10
10 14
10 24
10 26
10 30
10 32
10 42
10 45
10 57
10 65
10 82
10 84
10 87
10 94
11 37
11 39
11 49
11 51
11 70
11 73
11 75
11 79
11 90
11 98
12 2
12 11
12 16
12 19
12 54
12 61
12 63
12 94
13 6
13 8
13 13
13 21
13 25
13 35
13 37
13 41
13 71
13 74
13 81
13 97
14 18
14 28
14 32
14 46
14 50
14 56
14 62
14 65
14 77
14 84
14 87
14 90
15 3
15 14
15 21
15 53
15 70
15 98
16 6
16 8
16 11
16 16
16 26
16 31
16 37
16 43
16 49
16 67
16 73
16 75
16 94
17 2
17 22
17 40
17 78
17 86
17 89
17 91
18 14
18 19
18 32
18 36
18 51
18 57
18 64
18 68
18 81
18 97
19 0
19 5
19 38
19 48
19 61
19 83
19 87
20 7
20 11
20 15
20 18
20 22
20 25
20 33
20 35
20 41
20 44
20 53
20 57
20 66
20 71
20 74
20 78
20 95
21 3
21 49
21 63
21 68
21 90
21 98
22 29
22 34
22 46
22 73
22 77
22 83
22 87
22 93
23 1
23 6
23 15
23 21
23 25
23 39
23 43
23 53
23 56
23 59
23 90
24 3
24 8
24 11
24 18
24 31
24 33
24 65
24 74
24 82
24 85
24 98
25 14
25 25
25 28
25 41
25 51
25 53
25 55
25 68
25 77
25 79
25 93
26 1
26 4
26 37
26 46
26 58
26 63
26 65
26 98
27 8
27 12
27 15
27 21
27 39
27 48
27 77
27 80
27 87
27 90
27 93
28 23
28 33
28 42
28 58
28 62
28 65
28 72
28 84
28 98
29 1
29 4
29 7
29 15
29 27
29 46
29 53
29 55
29 75
29 87
29 93
30 11
30 19
30 21
30 30
30 32
30 36
30 70
30 77
30 89
31 5
31 24
31 40
31 42
31 45
31 47
31 56
31 59
31 64
31 74
31 79
31 81
31 84
31 97
32 1
32 7
32 13
32 15
32 31
32 66
32 76
32 89
33 4
33 34
33 37
33 40
33 50
33 52
33 58
33 60
33 71
33 85
33 93
33 97
34 13
34 19
34 22
34 26
34 28
34 30
34 47
34 54
34 63
34 67
34 82
35 0
35 4
35 6
35 8
35 16
35 34
35 37
35 40
35 57
35 77
35 85
35 90
35 92
35 94
35 97
36 11
36 26
36 44
36 47
36 49
36 60
36 65
36 68
37 16
37 18
37 29
37 52
37 54
37 57
37 74
37 92
38 0
38 4
38 12
38 22
38 24
38 31
38 38
38 47
38 78
38 84
38 86
38 96
39 8
39 28
39 35
39 61
39 63
39 80
40 1
40 18
40 24
40 41
40 45
40 48
40 55
40 58
40 76
40 88
40 96
40 98
41 7
41 13
41 15
41 33
41 37
41 51
41 64
41 68
41 72
41 91
41 93
42 4
42 18
42 30
42 39
42 45
42 56
42 76
42 79
43 0
43 15
43 21
43 50
43 60
43 81
43 84
43 86
43 96
44 3
44 7
44 24
44 32
44 37
44 43
44 46
44 63
44 72
44 74
44 89
45 1
45 13
45 18
45 26
45 35
45 52
45 56
45 58
45 78
45 85
45 94
45 96
46 6
46 20
46 30
46 41
46 45
46 70
46 73
46 75
46 90
47 2
47 9
47 16
47 22
47 32
47 48
47 59
47 65
47 79
47 81
47 83
47 87
48 4
48 12
48 18
48 25
48 37
48 53
48 56
48 62
49 8
49 14
49 22
49 28
49 34
49 42
49 45
49 49
49 75
49 77
49 88
49 96
50 2
50 10
50 61
50 67
50 69
50 80
50 84
50 91
50 99
51 5
51 14
51 19
51 21
51 26
51 30
51 36
51 45
51 51
51 54
51 56
51 63
51 71
51 74
52 39
52 59
52 88
52 90
52 93
52 99
53 1
53 4
53 9
53 17
53 41
53 53
53 77
53 80
53 84
53 95
54 14
54 23
54 35
54 38
54 43
54 58
54 62
54 68
54 71
54 73
54 88
55 26
55 32
55 47
55 49
55 51
55 80
55 93
55 98
56 10
56 20
56 23
56 35
56 38
56 61
56 64
56 70
56 85
57 0
57 4
57 6
57 13
57 17
57 27
57 32
57 42
57 44
57 58
57 73
57 77
58 22
58 24
58 35
58 52
58 54
58 67
58 80
58 84
58 88
58 91
58 95
59 2
59 11
59 27
59 39
59 47
59 59
59 73
59 98
60 8
60 14
60 19
60 21
60 31
60 63
60 66
60 77
60 89
61 4
61 24
61 34
61 43
61 45
61 70
61 73
61 81
61 85
61 93
62 0
62 16
62 39
62 48
62 50
62 53
62 56
62 61
62 76
62 89
63 8
63 10
63 19
63 28
63 32
63 41
63 65
63 67
63 80
63 96
64 0
64 13
64 21
64 24
64 36
64 47
64 89
64 93
65 4
65 15
65 41
65 49
65 54
65 58
65 63
65 66
65 70
65 75
65 82
65 86
65 97
66 0
66 9
66 21
66 30
66 33
66 35
66 60
66 89
66 94
67 2
67 12
67 17
67 26
67 40
67 47
67 49
67 62
67 81
67 97
68 9
68 19
68 28
68 44
68 65
68 70
68 93
68 99
69 6
69 16
69 22
69 34
69 38
69 52
69 57
69 61
69 67
69 76
69 79
69 84
69 90
69 95
70 13
70 24
70 27
70 45
70 48
70 97
71 2
71 9
71 16
71 18
71 29
71 41
71 53
71 55
71 62
71 66
71 69
71 76
71 80
71 91
72 5
72 21
72 33
72 35
72 43
72 47
72 58
72 71
72 82
72 85
72 88
72 94
72 99
73 0
73 17
73 30
73 38
73 50
73 60
73 63
73 73
73 79
74 3
74 7
74 25
74 35
74 41
74 45
74 53
74 55
74 66
74 70
74 84
74 95
74 97
75 0
75 10
75 14
75 20
75 28
75 72
75 77
75 79
75 86
75 92
76 41
76 48
76 52
76 82
77 7
77 13
77 33
77 38
77 45
77 56
77 59
77 63
77 67
78 1
78 10
78 16
78 19
78 22
78 26
78 30
78 42
78 50
78 74
78 77
78 91
78 96
79 5
79 7
79 33
79 36
79 38
79 52
79 58
79 61
79 79
79 83
79 87
80 22
80 25
80 67
80 69
80 89
80 97
81 0
81 13
81 20
81 42
81 45
81 47
81 62
81 71
81 74
81 77
81 82
81 91
82 26
82 28
82 37
82 51
82 65
82 94
83 0
83 4
83 8
83 12
83 15
83 18
83 22
83 34
83 41
83 45
83 53
83 57
83 67
83 74
84 31
84 37
84 48
84 61
84 88
84 95
84 97
85 1
85 5
85 9
85 14
85 27
85 50
85 58
85 78
85 81
85 83
85 85
85 92
86 18
86 20
86 23
86 40
86 43
86 45
86 53
86 61
86 63
86 70
86 73
86 75
87 0
87 2
87 5
87 8
87 31
87 36
88 11
88 38
88 52
88 54
88 56
88 67
88 71
88 81
88 86
88 89
88 95
89 6
89 26
89 30
89 35
89 41
89 78
90 9
90 14
90 18
90 22
90 54
90 59
90 64
90 66
90 74
90 81
90 87
90 93
90 99
91 1
91 4
91 24
91 32
91 39
91 44
91 46
91 48
91 96
92 12
92 18
92 20
92 68
92 70
92 72
92 75
92 80
92 84
92 90
92 94
93 9
93 14
93 32
93 35
93 40
93 49
93 52
93 55
93 59
93 63
93 65
94 6
94 16
94 18
94 25
94 45
94 73
94 75
94 87
94 98
95 2
95 9
95 21
95 27
95 30
95 32
95 37
95 50
95 65
95 68
95 78
95 82
95 84
95 90
96 6
96 43
96 53
96 55
96 72
96 86
97 4
97 10
97 18
97 20
97 23
97 40
97 46
97 49
97 57
97 59
97 68
97 75
97 78
97 81
97 91
97 95
98 30
98 35
98 43
98 70
98 84
98 88
98 99
99 10
99 76
