0 1
0 3
0 13
0 18
0 24
0 30
0 38
0 44
0 47
0 52
0 55
0 61
0 63
0 67
0 73
0 79
0 85
0 98
1 5
1 9
1 21
1 27
1 82
1 87
1 91
1 93
2 16
2 30
2 34
2 41
2 50
2 53
2 60
2 63
2 71
2 76
2 97
3 4
3 21
3 23
3 36
3 44
3 57
3 67
3 73
3 90
4 0
4 14
4 18
4 26
4 28
4 47
4 52
4 59
4 70
4 78
4 81
4 93
5 3
5 8
5 10
5 31
5 40
5 44
5 67
5 84
5 88
5 96
6 5
6 19
6 21
6 25
6 33
6 37
6 52
6 55
6 63
6 72
6 91
6 93
6 98
7 1
7 29
7 41
7 43
7 48
7 57
7 69
7 74
7 77
7 80
7 87
8 6
8 15
8 35
8 53
8 61
8 63
8 65
8 83
8 90
8 93
9 3
9 9
9 11
9 24
9 39
9 47
9 67
9 71
9 85
9 96
10 0
10 18
10 20
10 30
10 43
10 61
10 65
10 75
10 78
10 81
10 87
10 92
11 5
11 15
11 24
11 27
11 46
11 52
11 54
11 56
11 97
12 8
12 12
12 30
12 34
12 63
12 73
12 76
12 82
12 86
12 90
13 14
13 18
13 22
13 37
13 40
13 49
13 58
13 67
13 70
14 2
14 24
14 43
14 45
14 85
14 91
14 94
14 99
15 10
15 16
15 28
15 31
15 35
15 37
15 53
15 68
15 73
16 2
16 6
16 18
16 20
16 25
16 41
16 48
16 62
16 64
16 76
16 80
17 9
17 14
17 22
17 27
17 51
17 57
17 86
17 93
18 18
18 33
18 37
18 41
18 53
18 68
18 75
18 82
18 89
18 96
19 0
19 3
19 7
19 10
19 20
19 45
19 48
19 58
19 61
19 79
19 91
20 13
20 29
20 36
20 38
20 51
20 82
20 86
20 95
21 17
21 24
21 32
21 60
21 63
21 66
21 68
21 71
21 74
21 91
21 93
21 99
22 2
22 9
22 12
22 21
22 28
22 43
22 49
22 57
22 81
22 86
23 4
23 24
23 31
23 34
23 39
23 97
24 7
24 16
24 48
24 50
24 64
24 74
24 76
24 79
25 0
25 3
25 9
25 13
25 19
25 21
25 30
25 35
25 43
25 54
25 58
25 83
25 86
25 92
25 95
26 23
26 32
26 50
26 68
26 71
26 79
27 0
27 14
27 18
27 28
27 36
27 44
27 46
27 56
27 75
27 87
27 90
27 93
28 3
28 7
28 9
28 11
28 33
28 40
28 62
28 64
28 72
28 96
29 14
29 21
29 26
29 42
29 54
29 81
29 85
30 7
30 30
30 34
30 37
30 39
30 47
30 59
30 63
30 69
30 71
30 73
30 76
30 88
30 98
31 2
31 15
31 19
31 26
31 44
31 50
31 94
32 11
32 38
32 52
32 60
32 66
32 73
32 79
32 85
32 90
32 96
33 0
33 3
33 29
33 32
33 42
33 46
33 55
33 63
33 70
33 76
33 92
34 5
34 7
34 9
34 22
34 50
34 97
35 25
35 29
35 34
35 37
35 43
35 46
35 52
35 59
35 64
35 68
35 71
35 78
35 83
36 5
36 7
36 12
36 18
36 20
36 39
36 50
36 55
36 73
36 80
36 87
37 2
37 14
37 61
37 68
37 70
37 76
37 97
38 7
38 18
38 26
38 28
38 34
38 37
38 39
38 42
38 47
38 55
38 58
38 72
38 88
38 99
39 1
39 9
39 14
39 22
39 31
39 44
39 50
39 66
39 78
39 81
39 96
40 19
40 26
40 62
40 75
40 88
40 91
41 4
41 7
41 11
41 16
41 22
41 34
41 38
41 51
41 64
41 69
41 72
41 84
42 30
42 42
42 46
42 48
42 54
42 58
42 60
42 66
42 74
42 76
42 80
42 92
42 96
43 0
43 6
43 21
43 26
43 84
44 2
44 13
44 17
44 29
44 40
44 46
44 48
44 50
44 55
44 57
44 64
44 79
44 91
44 96
45 9
45 37
45 61
45 71
45 73
45 87
46 17
46 23
46 25
46 32
46 34
46 43
46 52
46 65
46 77
46 84
47 3
47 12
47 14
47 45
47 48
47 56
47 68
47 88
47 92
47 94
48 5
48 7
48 23
48 28
48 60
48 74
48 78
48 82
48 98
49 2
49 18
49 32
49 34
49 36
49 38
49 46
49 49
49 54
49 69
50 7
50 10
50 29
50 42
50 57
50 60
50 64
50 81
50 83
51 2
51 12
51 15
51 20
51 23
51 32
51 45
51 49
51 68
51 75
51 78
51 85
51 94
51 97
51 99
52 26
52 36
52 53
52 72
52 90
53 6
53 13
53 16
53 28
53 40
53 57
53 59
53 62
53 98
54 9
54 18
54 32
54 48
54 50
54 52
54 72
54 78
54 82
54 88
54 93
54 95
55 3
55 11
55 13
55 22
55 24
55 26
55 29
55 35
55 41
55 62
55 68
55 74
56 8
56 43
56 47
56 59
56 64
56 79
56 86
56 99
57 4
57 20
57 31
57 39
57 61
57 68
57 70
57 72
57 75
57 91
57 96
58 0
58 6
58 9
58 22
58 41
58 43
58 51
58 55
58 77
58 80
58 85
59 13
59 19
59 25
59 31
59 34
59 57
59 93
60 16
60 21
60 37
60 40
60 47
60 49
60 59
60 64
60 72
60 74
60 77
60 83
60 87
60 89
60 95
61 2
61 25
61 31
61 44
61 53
61 67
62 9
62 49
62 62
62 81
62 86
62 93
63 1
63 4
63 6
63 11
63 16
63 35
63 40
63 46
63 51
63 57
63 66
63 71
64 22
64 30
64 53
64 63
64 68
64 73
64 77
64 81
64 87
64 91
64 96
65 0
65 14
65 24
65 27
65 33
65 45
65 59
65 65
65 70
65 83
66 5
66 9
66 11
66 17
66 40
66 50
66 55
66 79
66 85
66 94
67 22
67 24
67 26
67 30
67 36
67 47
67 52
67 57
67 63
67 89
67 91
67 96
68 1
68 9
68 32
68 40
68 71
68 77
68 83
68 85
69 14
69 17
69 20
69 34
69 36
69 50
69 52
69 73
69 79
69 88
69 90
69 94
70 0
70 3
70 8
70 26
70 55
70 59
70 62
70 65
71 10
71 13
71 15
71 21
71 31
71 34
71 44
71 69
71 71
71 79
71 93
71 97
72 2
72 38
72 46
72 53
72 74
72 76
72 83
72 87
72 90
73 9
73 13
73 28
73 42
73 48
73 57
73 78
73 80
73 93
73 96
73 99
74 5
74 21
74 23
74 33
74 39
74 62
74 64
74 66
74 82
74 85
74 87
75 8
75 10
75 14
75 18
75 41
75 45
75 48
75 51
75 69
75 76
75 94
76 0
76 29
76 53
76 61
76 66
77 4
77 7
77 15
77 23
77 25
77 35
77 44
77 46
77 55
77 58
77 70
77 73
77 76
77 89
77 92
78 10
78 12
78 32
78 49
78 51
78 79
78 83
78 86
78 94
78 98
79 0
79 18
79 21
79 41
79 61
79 65
79 74
80 5
80 9
80 12
80 15
80 28
80 31
80 33
80 58
80 71
80 76
80 85
80 91
81 1
81 18
81 36
81 38
81 40
81 44
81 47
81 53
81 66
81 93
81 95
81 98
82 13
82 31
82 49
82 68
82 71
82 73
82 80
83 4
83 8
83 22
83 24
83 28
83 36
83 59
83 63
83 76
83 90
84 0
84 12
84 30
84 42
84 46
84 56
84 68
84 86
85 3
85 10
85 16
85 20
85 33
85 39
85 49
85 52
85 61
85 74
85 80
85 93
85 97
86 0
86 25
86 30
86 43
86 56
86 66
86 70
86 77
86 86
87 6
87 20
87 22
87 36
87 48
87 52
87 61
87 72
87 74
87 80
87 83
88 1
88 13
88 25
88 57
88 64
88 93
88 96
89 5
89 8
89 16
89 18
89 32
89 34
89 46
89 52
89 69
89 77
89 86
89 89
90 10
90 20
90 23
90 29
90 43
90 54
90 62
91 1
91 12
91 17
91 26
91 32
91 38
91 40
91 45
91 48
91 58
91 65
91 68
91 71
91 84
91 88
91 93
91 98
92 51
92 73
92 76
92 79
92 90
93 8
93 12
93 20
93 24
93 26
93 30
93 35
93 43
93 47
93 53
93 61
93 65
93 68
93 70
93 85
94 2
94 4
94 40
94 75
94 77
94 97
94 99
95 16
95 18
95 22
95 26
95 29
95 31
95 36
95 45
95 51
95 58
95 79
95 82
95 88
95 91
95 93
96 3
96 7
96 9
96 11
96 63
96 71
96 84
96 98
97 16
97 26
97 29
97 41
97 48
97 51
97 55
97 57
97 59
97 66
97 68
97 74
97 77
97 90
98 7
98 32
98 82
98 95
99 34
99 41
99 57
99 69
99 75
