0 92
2 5
2 56
3 39
3 49
4 12
4 28
5 69
7 19
7 84
8 59
8 94
9 5
9 53
10 26
11 76
13 13
13 41
16 7
16 60
18 1
18 68
19 51
19 82
20 33
20 74
23 7
24 18
24 89
26 28
26 63
26 98
27 36
27 44
30 89
31 56
32 13
32 72
33 40
33 50
34 26
37 63
38 86
40 48
41 37
43 15
44 76
45 8
46 29
47 48
47 88
49 14
50 69
50 76
51 7
53 53
54 37
54 59
54 94
56 24
56 85
57 30
59 47
60 63
60 94
63 70
64 24
64 39
64 80
66 3
67 12
71 18
71 66
71 86
73 43
74 2
74 37
74 53
74 77
75 28
77 90
77 96
79 22
80 51
81 45
82 67
83 4
84 14
85 93
86 53
87 31
88 87
90 75
90 99
92 18
93 9
95 46
96 55
96 72
99 79
