0 1
0 7
0 18
0 24
0 38
0 55
1 28
1 45
1 77
1 86
1 95
2 34
2 41
2 50
2 60
2 65
3 4
3 54
3 73
4 29
4 37
4 91
5 0
5 10
5 16
5 22
5 40
5 84
5 96
6 4
6 33
6 45
6 63
6 66
6 75
6 78
7 26
7 48
8 8
8 11
8 38
8 70
8 81
9 4
9 51
9 77
10 0
10 18
10 31
10 46
10 91
11 41
11 61
12 8
12 12
12 83
12 95
13 18
13 22
13 32
13 49
13 67
13 70
13 87
14 99
15 1
15 28
15 35
15 53
15 56
16 6
16 18
16 24
16 41
16 48
16 62
16 74
17 14
17 66
17 80
17 86
18 10
18 51
18 89
18 96
19 0
19 19
19 40
19 61
20 29
20 36
20 44
20 56
21 14
21 24
21 68
21 85
21 92
22 9
22 17
22 62
22 81
23 4
23 34
23 41
23 97
24 44
24 48
24 66
24 74
25 13
25 18
25 25
25 30
25 79
25 83
25 92
26 8
26 53
27 75
28 37
28 64
29 21
29 42
29 54
29 85
29 96
30 12
30 15
30 25
30 30
30 59
30 80
30 88
31 2
31 50
32 8
32 43
32 66
33 29
33 32
33 46
33 70
33 95
34 50
34 89
34 98
35 25
35 37
35 59
35 78
35 84
36 12
36 18
36 21
36 32
36 41
36 55
36 62
37 46
38 51
38 58
39 0
39 9
39 14
39 22
39 27
39 34
39 66
39 81
39 96
40 30
41 4
41 91
42 25
42 42
42 47
42 54
42 58
42 62
42 67
42 74
42 82
44 17
44 33
44 92
45 0
45 9
45 39
45 61
45 78
45 81
45 87
46 26
46 96
47 12
47 16
47 21
47 43
47 48
47 56
47 68
48 7
48 76
49 2
49 32
49 38
49 52
49 63
49 85
49 90
50 15
50 44
50 71
50 81
50 98
51 56
51 94
52 34
53 17
53 28
53 40
53 82
54 9
54 12
54 43
54 48
54 51
54 58
54 62
54 78
54 89
54 93
55 3
55 22
56 30
57 39
57 59
57 70
57 96
58 9
58 44
58 51
58 55
58 66
58 73
58 85
59 13
59 25
59 80
59 91
60 16
60 19
60 34
60 76
60 95
61 2
61 53
62 45
62 71
63 6
63 11
63 23
63 28
63 48
63 57
63 67
63 93
64 38
64 52
64 62
64 99
65 34
65 78
65 83
66 5
66 65
66 86
67 15
67 60
67 94
68 1
68 40
68 52
68 55
68 71
68 90
69 9
69 25
69 31
69 81
70 59
70 65
71 13
71 34
71 44
71 76
72 24
72 28
72 53
72 90
72 96
73 17
73 39
73 48
73 58
73 64
73 71
73 82
73 85
73 99
75 3
75 10
75 30
75 76
76 49
76 53
77 22
77 25
77 35
77 40
77 66
77 92
77 99
78 7
78 15
78 30
78 83
79 57
79 61
79 69
79 74
79 95
80 18
80 86
81 1
81 25
81 39
81 44
82 68
83 8
83 32
83 76
83 83
83 87
84 37
85 3
85 28
85 41
85 49
85 59
85 69
85 94
86 10
86 14
86 33
86 74
87 19
87 45
87 52
87 81
88 4
88 40
88 61
88 96
89 34
89 65
89 69
89 86
89 89
90 52
91 19
91 48
91 76
91 98
92 15
92 42
92 70
93 8
93 24
93 35
94 2
94 31
94 53
94 91
94 97
95 44
95 58
95 82
96 5
96 18
96 27
96 63
96 71
97 34
97 77
98 13
98 82
98 91
98 95
