0 1
0 4
0 18
0 24
0 30
0 38
0 52
0 55
0 61
0 71
0 74
0 85
0 88
0 96
1 7
1 13
1 27
1 45
1 65
1 82
1 92
2 3
2 16
2 30
2 34
2 41
2 50
2 60
2 68
2 77
2 88
2 96
2 99
3 23
3 26
3 46
3 54
3 57
3 73
4 3
4 18
4 36
4 81
4 93
5 0
5 10
5 31
5 40
5 50
5 60
5 73
5 76
5 84
5 88
5 96
6 5
6 19
6 25
6 37
6 45
6 55
6 63
6 66
6 81
6 93
7 12
7 31
7 41
7 48
7 70
7 90
7 98
8 16
8 26
8 37
8 55
8 58
8 82
9 6
9 9
9 12
9 34
9 47
9 51
9 85
9 96
10 0
10 18
10 30
10 42
10 58
10 69
10 75
10 78
10 82
10 88
10 92
11 15
11 26
11 46
11 52
11 55
11 61
12 0
12 4
12 8
12 12
12 34
12 43
12 76
12 81
12 86
12 95
13 18
13 22
13 37
13 49
13 67
13 70
14 59
14 74
14 85
14 91
14 94
14 99
15 1
15 16
15 28
15 31
15 35
15 45
15 53
15 65
16 6
16 10
16 25
16 41
16 48
16 62
16 68
16 71
16 80
17 14
17 28
17 51
17 86
18 18
18 33
18 37
18 41
18 54
18 58
18 64
18 75
18 82
18 89
18 96
19 0
19 3
19 7
19 11
19 48
19 61
19 79
20 18
20 29
20 36
20 44
20 51
20 54
20 82
20 86
20 95
21 24
21 32
21 60
21 63
21 66
21 74
22 2
22 9
22 21
22 27
22 54
22 57
22 71
22 81
22 86
22 89
23 24
23 31
23 34
23 39
23 47
23 66
23 97
24 0
24 7
24 10
24 16
24 27
24 50
24 74
24 79
25 4
25 13
25 21
25 30
25 42
25 54
25 58
25 62
25 69
25 83
25 89
25 92
26 45
26 51
26 79
26 99
27 1
27 4
27 11
27 14
27 18
27 28
27 31
27 35
27 56
27 59
27 66
27 69
27 75
27 88
27 93
28 7
28 45
28 62
28 72
28 78
29 14
29 21
29 24
29 27
29 33
29 42
29 54
29 67
29 81
29 85
30 30
30 37
30 59
30 63
30 72
30 76
30 88
30 98
31 2
31 15
31 19
31 44
31 50
31 82
31 94
32 11
32 26
32 66
32 79
32 87
33 4
33 19
33 29
33 32
33 36
33 42
33 50
33 55
33 70
33 76
33 91
33 95
34 7
34 15
34 22
34 45
34 98
35 25
35 28
35 34
35 37
35 40
35 59
35 66
35 71
35 78
35 83
36 6
36 12
36 18
36 21
36 31
36 50
36 55
36 87
36 93
37 2
37 37
37 40
37 43
37 46
37 62
37 76
38 7
38 11
38 15
38 26
38 30
38 58
38 71
38 89
38 93
39 0
39 22
39 34
39 42
39 53
39 66
39 74
39 78
39 81
39 96
40 15
40 19
40 50
40 62
40 89
41 4
41 7
41 11
41 22
41 33
41 38
41 69
41 84
42 30
42 42
42 47
42 54
42 58
42 62
42 66
42 74
42 92
43 0
43 5
43 81
43 96
44 13
44 17
44 21
44 24
44 29
44 40
44 46
44 52
44 57
44 78
44 84
44 90
45 0
45 9
45 37
45 61
45 64
45 87
46 17
46 32
46 43
46 71
47 3
47 12
47 46
47 56
47 64
47 68
47 74
47 88
47 92
47 95
48 7
48 23
48 28
48 51
48 82
48 98
49 2
49 18
49 32
49 35
49 38
49 46
49 54
49 58
49 61
49 69
49 85
49 90
50 7
50 24
50 42
50 65
50 81
51 2
51 12
51 46
51 56
51 62
51 75
51 78
51 86
51 91
51 94
52 23
52 35
52 43
52 53
52 72
52 83
53 6
53 13
53 16
53 28
53 40
53 57
53 65
53 96
54 9
54 32
54 48
54 51
54 62
54 72
54 78
54 88
54 93
55 3
55 17
55 22
55 29
55 35
55 41
55 44
55 55
55 68
55 83
56 8
56 59
56 63
56 79
56 86
56 99
57 16
57 20
57 28
57 31
57 39
57 42
57 47
57 70
57 75
57 96
58 0
58 3
58 9
58 51
58 55
58 58
58 61
58 66
58 85
59 6
59 13
59 19
59 25
59 30
59 34
59 41
59 79
59 93
60 16
60 22
60 47
60 64
60 74
60 83
60 87
61 2
61 25
61 28
61 53
61 67
61 70
61 93
61 96
62 9
62 14
62 38
62 41
62 46
62 49
62 62
62 76
62 81
62 86
63 1
63 4
63 35
63 57
63 66
63 71
64 9
64 15
64 22
64 30
64 47
64 52
64 61
64 91
65 19
65 27
65 33
65 44
65 64
65 73
65 78
65 83
65 86
66 5
66 9
66 23
66 40
66 50
66 56
66 67
66 94
67 15
67 27
67 30
67 36
67 63
67 89
68 1
68 9
68 24
68 40
68 45
68 48
68 52
68 55
68 71
68 77
68 80
68 83
68 94
69 14
69 17
69 31
69 34
69 88
70 0
70 3
70 6
70 21
70 26
70 39
70 56
70 62
70 65
70 73
71 10
71 13
71 31
71 34
71 44
71 68
72 47
72 50
72 53
72 74
72 77
72 83
72 87
72 90
72 96
73 9
73 13
73 19
73 28
73 31
73 39
73 42
73 57
73 80
73 93
73 99
74 24
74 62
75 3
75 10
75 14
75 18
75 31
75 48
75 51
75 69
75 76
75 85
75 95
76 39
76 54
76 58
76 61
76 66
77 4
77 7
77 15
77 23
77 27
77 35
77 44
77 73
77 80
77 92
78 10
78 32
78 49
78 83
78 86
79 0
79 13
79 18
79 28
79 41
79 61
79 65
79 69
79 78
79 90
79 93
80 5
80 9
80 22
80 33
80 50
80 58
80 72
80 82
80 85
81 1
81 16
81 25
81 36
81 39
81 44
81 53
81 66
81 69
81 90
81 94
82 31
82 49
82 58
82 73
82 97
83 4
83 8
83 13
83 22
83 28
83 43
83 46
83 52
83 55
83 66
83 76
84 0
84 62
84 86
84 89
85 3
85 10
85 16
85 20
85 33
85 39
85 49
85 69
85 74
85 80
85 94
86 29
86 43
86 56
86 64
86 86
86 99
87 1
87 6
87 25
87 36
87 52
87 60
87 72
87 79
87 82
88 13
88 46
88 49
88 57
88 93
88 96
89 5
89 8
89 16
89 29
89 32
89 36
89 39
89 52
89 65
89 69
89 77
89 80
89 86
89 89
90 1
90 12
90 23
90 60
90 94
91 17
91 45
91 48
91 52
91 68
91 71
91 77
91 84
91 88
91 98
92 20
92 39
92 55
92 62
93 8
93 12
93 24
93 27
93 35
93 43
93 68
93 77
93 85
93 94
94 2
94 31
94 40
94 97
95 10
95 16
95 51
95 58
95 82
95 88
96 7
96 19
96 27
96 31
96 44
96 63
96 71
96 92
97 0
97 12
97 16
97 41
97 47
97 52
97 55
97 68
97 74
97 77
97 87
98 7
98 65
98 82
99 21
99 34
99 79
