0 1
0 18
0 24
0 38
0 55
1 12
1 46
2 30
2 34
2 41
2 65
3 4
3 54
3 57
3 73
4 37
5 16
5 40
5 96
6 19
6 33
6 45
6 56
6 63
6 66
6 88
6 93
7 5
7 48
8 13
8 16
9 26
9 51
9 97
10 0
10 20
10 31
10 46
10 73
11 63
11 79
12 8
12 12
12 95
13 18
13 22
13 32
13 49
13 67
14 56
14 71
14 89
14 99
15 1
15 28
15 53
16 14
16 18
16 41
16 48
16 62
16 93
17 86
18 72
18 89
18 96
19 1
19 19
19 48
19 61
19 79
20 12
20 29
20 38
20 44
21 33
21 68
21 85
22 2
22 9
22 81
22 89
22 93
23 97
24 37
24 50
25 13
25 30
25 67
25 83
25 88
25 92
26 16
26 22
26 53
27 75
28 3
28 41
28 64
29 21
29 54
29 85
30 12
30 30
30 59
30 80
30 88
30 93
31 2
31 50
32 66
33 29
33 32
33 70
33 95
34 50
34 98
35 25
35 66
35 78
35 84
36 12
36 18
36 32
36 55
37 29
37 91
38 58
39 9
39 22
39 34
39 66
39 81
39 96
40 89
41 4
41 17
42 42
42 47
42 54
42 58
42 62
42 67
45 0
45 9
45 15
45 44
45 61
45 74
45 81
45 87
47 12
47 56
47 69
48 16
48 19
48 29
48 63
49 32
49 38
49 41
49 73
49 84
50 81
51 2
51 12
51 56
51 94
52 43
53 28
53 40
53 87
54 9
54 48
54 51
54 58
54 69
54 78
54 93
54 97
55 3
55 24
55 32
55 44
56 35
56 86
57 39
57 70
57 96
58 51
58 55
58 66
58 74
59 21
60 11
60 16
60 95
61 2
62 27
63 6
63 11
63 37
63 45
63 57
63 67
64 51
64 99
65 34
65 83
65 90
66 20
67 15
67 86
68 1
68 40
68 52
68 71
68 90
69 81
71 3
71 13
71 34
71 44
72 53
72 90
72 96
73 39
73 82
74 21
74 78
75 3
75 14
75 64
75 72
75 99
76 49
76 53
77 19
77 27
77 35
77 92
78 7
78 15
78 72
79 61
79 69
79 83
80 86
81 1
81 89
82 37
82 51
82 68
83 22
83 32
83 76
85 41
85 49
85 90
85 94
86 56
86 74
86 99
87 25
87 52
87 79
88 13
88 39
88 96
89 16
89 65
89 69
89 87
90 31
90 52
91 48
91 55
91 76
91 84
91 98
92 16
93 8
93 24
93 35
94 2
94 31
94 97
95 58
96 18
96 27
96 63
96 71
97 41
97 55
97 77
98 82
98 95
99 6
99 34
99 67
