0 4
0 25
0 33
0 41
0 46
0 52
0 62
0 74
0 88
0 91
1 19
1 36
1 56
1 59
1 68
1 79
1 85
1 98
2 5
2 23
2 32
2 50
2 63
2 72
2 75
2 88
2 91
3 10
3 13
3 27
3 36
3 40
3 44
3 53
4 1
4 5
4 20
4 33
4 50
4 56
4 68
4 80
4 94
5 10
5 13
5 27
5 61
5 72
5 86
5 97
6 3
6 18
6 36
6 39
6 43
6 48
6 80
6 90
7 0
7 25
7 64
7 68
7 71
7 75
7 84
8 8
8 13
8 21
8 31
8 35
8 38
8 42
8 49
8 53
8 57
8 79
8 94
9 61
9 65
9 76
9 85
9 88
9 99
10 5
10 10
10 14
10 24
10 32
10 45
10 50
10 58
10 82
10 94
11 37
11 66
11 70
11 73
11 79
11 90
11 98
12 11
12 16
12 19
12 26
12 29
12 54
12 61
12 82
13 6
13 22
13 35
13 38
13 41
13 67
13 71
13 74
13 90
13 94
13 97
14 0
14 13
14 32
14 46
14 50
14 56
14 77
14 87
15 3
15 17
15 21
15 37
15 64
15 82
16 6
16 11
16 26
16 31
16 43
16 54
16 60
16 67
16 73
16 94
17 22
17 40
17 48
17 86
18 1
18 7
18 14
18 19
18 25
18 36
18 51
18 57
18 64
18 68
18 78
18 82
18 93
19 30
19 44
19 48
19 61
19 87
19 96
20 0
20 4
20 7
20 11
20 15
20 19
20 33
20 39
20 52
20 57
20 66
20 69
20 74
21 25
21 47
22 29
22 61
22 72
22 76
22 89
22 93
23 1
23 6
23 15
23 21
23 43
23 46
23 53
23 56
23 81
23 86
24 11
24 18
24 25
24 31
24 34
24 65
24 98
25 14
25 28
25 41
25 51
25 68
25 71
25 77
25 83
25 93
26 0
26 4
26 37
26 46
26 58
26 63
26 74
27 8
27 13
27 16
27 27
27 30
27 43
27 67
27 77
27 88
28 3
28 23
28 33
28 49
28 58
28 62
28 81
28 84
28 93
29 7
29 55
29 75
29 87
29 98
30 11
30 16
30 19
30 27
30 30
30 44
30 49
30 52
30 63
30 69
30 94
31 5
31 24
31 40
31 56
31 59
31 81
31 84
32 1
32 9
32 12
32 16
32 31
32 43
32 46
32 73
32 87
33 4
33 34
33 37
33 40
33 50
33 58
33 76
34 0
34 12
34 15
34 19
34 22
34 26
34 29
34 47
34 54
34 63
34 67
34 82
34 96
35 4
35 41
35 70
35 74
35 79
35 86
35 90
36 9
36 26
36 32
36 35
36 38
36 44
36 47
36 55
36 60
36 83
36 94
37 16
37 19
37 29
37 50
37 63
37 66
37 75
38 0
38 4
38 12
38 22
38 42
38 47
38 69
38 72
38 83
38 86
39 8
39 28
39 31
39 35
39 58
39 63
39 80
39 90
39 97
40 18
40 24
40 40
40 45
40 48
40 55
40 76
40 86
41 4
41 8
41 13
41 27
41 37
41 51
41 64
41 68
41 72
41 80
41 94
42 30
42 34
42 45
42 56
42 88
42 99
43 3
43 15
43 37
43 50
43 60
43 77
43 84
43 96
44 7
44 24
44 31
44 44
44 68
44 74
44 89
45 13
45 18
45 35
45 52
45 56
45 61
45 78
45 85
45 94
46 5
46 41
46 45
46 73
46 99
47 1
47 9
47 16
47 20
47 28
47 33
47 48
47 54
47 65
47 80
48 12
48 25
48 37
48 42
48 57
48 62
48 83
49 16
49 22
49 28
49 49
49 88
49 96
50 2
50 6
50 33
50 43
50 61
50 67
50 75
50 83
50 91
50 99
51 21
51 24
51 27
51 30
51 47
51 51
51 54
51 64
51 71
52 13
52 39
52 59
52 80
52 93
53 9
53 17
53 33
53 43
53 53
53 77
53 84
53 98
54 2
54 14
54 23
54 38
54 57
54 62
54 68
54 71
54 88
54 94
55 7
55 26
55 47
55 51
55 81
56 10
56 16
56 20
56 23
56 30
56 38
56 85
56 91
56 96
57 4
57 42
57 58
57 73
57 77
58 24
58 38
58 52
58 67
58 84
58 94
58 99
59 0
59 11
59 29
59 35
59 47
59 59
59 88
60 8
60 14
60 19
60 25
60 32
60 63
60 66
60 74
60 77
60 81
61 3
61 43
61 56
61 70
61 93
62 0
62 7
62 16
62 35
62 39
62 48
62 61
63 19
63 28
63 31
63 51
63 65
63 75
63 80
63 87
63 96
64 13
64 23
64 39
64 47
64 93
65 1
65 4
65 36
65 42
65 58
65 63
65 66
65 70
65 75
65 82
65 86
65 97
66 9
66 15
66 22
66 27
66 30
66 52
66 94
67 12
67 41
67 47
67 62
67 89
68 9
68 15
68 19
68 25
68 34
68 44
68 58
68 65
68 70
68 93
68 96
68 99
69 29
69 38
69 53
69 61
69 76
69 79
69 84
69 88
70 6
70 13
70 20
70 23
70 45
70 49
71 2
71 9
71 16
71 41
71 58
71 62
71 66
71 69
71 80
71 91
72 5
72 21
72 24
72 28
72 33
72 46
72 76
72 94
72 98
73 13
73 17
73 38
73 43
73 50
73 62
73 69
73 73
73 79
73 83
73 89
74 34
74 53
74 66
74 95
75 1
75 6
75 10
75 23
75 28
75 39
75 56
75 74
75 77
75 86
76 18
76 48
76 70
76 90
77 13
77 33
77 38
77 45
77 53
77 59
77 63
77 67
77 80
77 86
78 1
78 10
78 22
78 26
78 30
78 50
78 56
78 74
78 91
78 96
79 5
79 14
79 36
79 40
79 61
80 26
80 29
80 53
80 67
80 70
80 81
80 85
80 89
81 0
81 20
81 23
81 45
81 60
81 74
81 77
82 27
82 30
82 37
82 65
82 81
82 94
83 0
83 4
83 8
83 12
83 15
83 19
83 34
83 41
83 45
83 52
83 57
83 75
84 30
84 48
84 66
84 72
84 81
84 84
84 88
85 5
85 9
85 17
85 21
85 27
85 34
85 78
85 92
85 95
86 38
86 42
86 45
86 51
86 61
86 65
87 0
87 6
87 12
87 16
87 21
87 31
87 68
87 71
87 89
87 92
88 35
88 44
88 52
88 56
88 86
88 95
89 26
89 30
89 68
89 78
89 82
90 0
90 4
90 9
90 14
90 18
90 22
90 35
90 39
90 59
90 64
90 74
90 87
90 93
91 44
91 48
91 55
92 1
92 6
92 18
92 21
92 63
92 68
92 72
92 75
92 78
92 81
92 84
92 90
92 94
93 9
93 14
93 28
93 32
93 35
93 40
93 49
93 55
93 59
94 6
94 25
94 45
94 62
94 65
94 73
94 87
94 94
94 98
95 2
95 21
95 50
95 68
95 78
95 84
95 90
96 8
96 13
96 27
96 35
96 53
96 72
97 4
97 18
97 40
97 46
97 49
97 57
97 60
97 64
97 75
97 78
97 82
97 85
97 91
97 95
98 30
98 69
99 0
99 10
99 95
