0 1
0 36
0 46
0 52
0 66
0 92
1 13
1 19
1 41
1 59
1 79
2 5
2 23
2 32
2 62
2 97
3 27
3 52
3 74
4 14
4 55
4 80
6 3
6 18
6 25
6 36
6 39
6 48
6 90
7 44
7 64
7 71
7 75
7 78
7 84
8 8
8 31
8 53
8 59
8 94
10 14
11 0
11 4
11 25
11 37
11 90
12 61
12 68
13 10
13 13
13 41
13 71
13 85
13 93
14 18
14 32
14 46
14 50
14 56
14 77
15 26
15 64
15 99
16 60
16 95
17 4
17 40
17 49
18 10
18 14
18 19
18 23
18 29
18 36
18 64
18 68
19 0
19 43
19 82
19 87
20 48
20 60
20 74
21 24
21 56
21 64
22 29
22 93
23 1
23 7
23 81
23 86
24 11
24 18
24 33
24 71
25 14
25 28
25 41
25 65
25 77
25 93
26 4
26 37
26 58
26 98
27 45
27 49
27 80
27 88
28 27
28 63
28 84
28 93
29 23
29 55
29 59
29 96
30 8
30 11
30 19
30 68
30 72
30 89
31 45
31 81
31 84
32 1
32 14
33 8
33 34
33 37
33 40
33 50
33 58
33 93
34 19
34 26
34 54
34 63
34 68
34 82
34 86
35 4
35 46
35 74
35 99
36 49
37 16
37 29
37 33
37 63
37 68
37 90
38 0
38 12
38 71
38 86
39 8
39 41
39 45
39 81
40 24
40 48
40 76
41 15
41 37
41 51
41 64
41 94
42 11
42 30
42 56
42 67
42 80
42 97
43 24
43 60
43 86
43 90
44 7
44 36
44 40
44 44
44 74
45 18
45 67
45 70
46 1
46 12
46 54
46 91
47 28
47 48
48 5
48 15
48 24
48 82
49 0
49 10
49 72
49 88
49 96
50 20
50 44
50 48
50 54
50 57
50 65
50 76
51 25
51 83
52 2
52 39
52 93
53 9
53 17
53 33
53 76
53 79
53 96
54 68
54 71
54 88
55 26
55 49
56 13
56 20
56 30
56 38
57 2
57 6
57 33
57 42
57 58
57 73
57 77
58 24
58 52
58 67
58 80
58 88
58 98
59 47
59 92
60 14
60 31
60 40
60 63
61 10
61 28
62 0
62 5
62 35
62 50
62 70
62 76
63 53
63 83
63 87
64 21
64 30
64 39
64 93
65 15
65 35
65 49
65 58
65 63
65 66
65 75
66 3
66 26
67 39
67 87
67 92
68 15
68 19
68 33
68 44
68 55
68 60
69 67
69 75
70 22
70 29
70 84
71 2
71 18
71 36
71 41
71 89
71 98
72 6
72 56
72 62
72 68
72 79
72 94
73 75
74 13
74 41
75 1
75 28
75 86
75 94
76 18
76 59
76 82
76 90
77 33
77 38
77 63
77 68
78 1
78 10
78 13
78 22
78 41
78 74
78 97
79 5
79 29
79 50
80 67
80 81
80 85
81 45
81 74
81 77
82 21
82 36
82 49
82 53
82 94
83 0
83 4
83 8
83 12
83 41
83 66
83 85
84 16
84 57
84 71
84 89
85 78
85 93
86 6
86 41
86 53
86 66
86 98
87 18
87 31
87 45
88 11
88 25
88 56
88 86
89 0
89 21
89 36
89 60
89 78
90 4
90 31
90 44
90 74
90 93
91 12
91 49
92 21
92 35
92 68
92 84
93 53
93 96
94 1
94 9
94 26
94 29
94 45
94 60
94 75
94 87
95 19
95 66
95 71
95 78
95 90
96 35
96 81
97 10
97 57
97 95
98 23
98 27
98 75
98 85
