0 1
0 3
0 18
0 24
0 38
0 55
1 28
1 45
1 59
2 3
2 16
2 30
2 34
2 41
2 50
2 65
3 32
3 54
3 57
3 73
3 96
4 4
4 37
4 52
4 70
5 16
5 40
5 50
5 76
5 81
5 84
5 88
5 96
6 19
6 33
6 37
6 45
6 63
6 65
6 93
7 41
7 48
7 70
7 90
8 1
8 16
8 30
9 9
9 51
9 68
10 0
10 18
10 20
10 31
10 46
10 71
10 75
10 78
10 87
11 61
11 92
12 8
12 12
12 51
12 77
12 95
13 14
13 18
13 22
13 32
13 37
13 49
13 56
13 60
13 67
13 70
13 86
14 24
14 47
14 79
14 94
14 99
15 1
15 28
15 35
15 53
15 83
16 6
16 18
16 24
16 41
16 48
16 62
16 65
17 14
17 16
17 27
17 80
17 86
18 73
18 82
18 84
18 89
18 96
19 0
19 19
19 48
19 61
20 13
20 29
20 36
20 38
20 44
20 86
21 24
21 33
21 68
22 9
22 81
22 89
23 34
23 97
24 3
24 7
24 20
24 30
24 38
24 48
24 50
24 74
24 77
24 79
25 13
25 54
25 83
25 92
26 22
26 32
27 14
27 28
27 36
27 75
27 93
28 64
28 78
29 21
29 42
29 54
29 81
29 85
30 12
30 30
30 59
30 88
31 2
31 19
31 44
31 50
31 94
32 52
32 66
33 4
33 9
33 29
33 32
33 50
33 70
33 76
33 95
34 98
35 25
35 37
35 59
35 78
35 84
36 6
36 12
36 18
36 21
36 32
36 55
36 87
36 93
37 29
38 24
38 26
38 58
39 9
39 14
39 22
39 34
39 66
39 81
39 96
40 40
41 4
41 7
41 11
41 69
42 2
42 15
42 42
42 47
42 54
42 58
42 60
42 62
42 67
42 74
42 92
43 20
44 17
44 40
44 42
44 46
45 0
45 9
45 15
45 61
45 87
45 97
46 17
47 3
47 12
47 43
47 45
47 48
47 56
47 58
47 68
47 96
48 7
48 23
48 73
49 2
49 32
49 38
49 46
49 54
49 58
49 61
49 69
50 44
50 81
50 83
51 2
51 12
51 50
51 53
51 56
51 94
52 7
52 14
52 31
52 43
52 72
52 75
52 83
53 28
53 40
54 9
54 16
54 48
54 50
54 58
54 62
54 72
54 78
54 89
54 93
55 3
55 22
55 29
55 37
55 41
55 74
56 8
56 84
56 86
57 2
57 39
57 70
57 79
57 96
58 20
58 51
58 55
58 66
58 73
58 82
58 85
59 13
59 25
60 11
60 16
60 34
60 61
60 64
60 83
60 87
60 95
61 2
61 14
61 53
61 93
62 9
62 59
62 62
62 86
63 4
63 6
63 11
63 20
63 35
63 57
63 66
64 9
64 52
64 62
64 68
64 76
64 99
65 20
65 23
65 34
65 83
65 90
66 5
66 50
66 85
67 15
67 36
67 89
67 94
68 1
68 22
68 40
68 45
68 52
68 71
69 31
69 34
69 73
69 81
69 85
69 88
70 39
70 65
70 75
71 5
71 13
71 34
71 44
72 46
72 53
72 90
72 96
73 13
73 39
73 42
73 48
73 82
73 99
74 21
74 24
75 3
75 10
75 14
75 18
75 48
75 59
75 93
76 39
76 44
76 53
77 4
77 7
77 15
77 27
77 35
77 66
77 69
77 92
78 9
78 32
78 38
78 40
78 49
78 51
78 83
78 86
78 94
79 0
79 61
79 69
80 5
80 16
80 56
80 58
80 71
80 82
80 85
81 1
81 3
81 44
81 54
81 66
81 69
82 31
82 51
82 73
82 89
83 4
83 22
83 76
84 46
84 62
84 65
84 86
85 3
85 33
85 39
85 41
85 49
85 69
85 94
86 14
86 43
86 56
86 74
86 80
86 87
87 3
87 9
87 25
87 52
87 72
88 13
88 57
88 61
88 93
88 96
89 16
89 18
89 52
89 65
89 69
89 86
89 89
90 31
91 17
91 48
91 71
91 84
91 88
91 98
92 39
92 59
93 8
93 24
93 35
93 43
93 63
93 81
94 2
94 31
94 97
95 51
95 58
95 82
95 88
95 91
96 7
96 18
96 20
96 27
96 32
96 54
96 63
96 71
96 98
97 11
97 37
97 41
97 68
97 77
97 85
98 7
98 32
98 61
98 65
98 72
98 82
98 95
99 20
99 34
99 42
99 52
99 67
99 90
